5.4400000000e-06	1.0000000000e+00	1.0000000000e+00	0.0000000000e+00	0.0000000000e+00	0.0000000000e+00	1.0000000000e+00	
5.6244000000e-06	1.0000000000e+00	1.0000000000e+00	0.0000000000e+00	0.0000000000e+00	0.0000000000e+00	1.0000000000e+00	
5.8150000000e-06	1.0000000000e+00	1.0000000000e+00	0.0000000000e+00	0.0000000000e+00	0.0000000000e+00	1.0000000000e+00	
6.0121000000e-06	1.0000000000e+00	1.0000000000e+00	0.0000000000e+00	0.0000000000e+00	0.0000000000e+00	1.0000000000e+00	
6.2159000000e-06	1.0000000000e+00	1.0000000000e+00	0.0000000000e+00	0.0000000000e+00	0.0000000000e+00	1.0000000000e+00	
6.4266000000e-06	1.0000000000e+00	1.0000000000e+00	0.0000000000e+00	0.0000000000e+00	0.0000000000e+00	1.0000000000e+00	
6.6444000000e-06	1.0000000000e+00	1.0000000000e+00	0.0000000000e+00	0.0000000000e+00	0.0000000000e+00	1.0000000000e+00	
6.8697000000e-06	1.0000000000e+00	1.0000000000e+00	0.0000000000e+00	0.0000000000e+00	0.0000000000e+00	1.0000000000e+00	
7.1025000000e-06	1.0000000000e+00	1.0000000000e+00	0.0000000000e+00	0.0000000000e+00	0.0000000000e+00	1.0000000000e+00	
7.3433000000e-06	1.0000000000e+00	1.0000000000e+00	0.0000000000e+00	0.0000000000e+00	0.0000000000e+00	1.0000000000e+00	
7.5922000000e-06	1.0000000000e+00	1.0000000000e+00	0.0000000000e+00	0.0000000000e+00	0.0000000000e+00	1.0000000000e+00	
7.8495000000e-06	1.0000000000e+00	1.0000000000e+00	0.0000000000e+00	0.0000000000e+00	0.0000000000e+00	1.0000000000e+00	
8.1155000000e-06	1.0000000000e+00	1.0000000000e+00	0.0000000000e+00	0.0000000000e+00	0.0000000000e+00	1.0000000000e+00	
8.3906000000e-06	1.0000000000e+00	1.0000000000e+00	0.0000000000e+00	0.0000000000e+00	0.0000000000e+00	1.0000000000e+00	
8.6750000000e-06	1.0000000000e+00	1.0000000000e+00	0.0000000000e+00	0.0000000000e+00	0.0000000000e+00	1.0000000000e+00	
8.9691000000e-06	1.0000000000e+00	1.0000000000e+00	0.0000000000e+00	0.0000000000e+00	0.0000000000e+00	1.0000000000e+00	
9.2731000000e-06	1.0000000000e+00	1.0000000000e+00	0.0000000000e+00	0.0000000000e+00	0.0000000000e+00	1.0000000000e+00	
9.5874000000e-06	1.0000000000e+00	1.0000000000e+00	0.0000000000e+00	0.0000000000e+00	0.0000000000e+00	1.0000000000e+00	
9.9124000000e-06	1.0000000000e+00	1.0000000000e+00	0.0000000000e+00	0.0000000000e+00	0.0000000000e+00	1.0000000000e+00	
1.0248000000e-05	1.0000000000e+00	1.0000000000e+00	0.0000000000e+00	0.0000000000e+00	0.0000000000e+00	1.0000000000e+00	
1.0596000000e-05	1.0000000000e+00	1.0000000000e+00	0.0000000000e+00	0.0000000000e+00	0.0000000000e+00	1.0000000000e+00	
1.0955000000e-05	1.0000000000e+00	1.0000000000e+00	0.0000000000e+00	0.0000000000e+00	0.0000000000e+00	1.0000000000e+00	
1.1326000000e-05	1.0000000000e+00	1.0000000000e+00	0.0000000000e+00	0.0000000000e+00	0.0000000000e+00	1.0000000000e+00	
1.1710000000e-05	1.0000000000e+00	1.0000000000e+00	0.0000000000e+00	0.0000000000e+00	0.0000000000e+00	1.0000000000e+00	
1.2107000000e-05	1.0000000000e+00	1.0000000000e+00	0.0000000000e+00	0.0000000000e+00	0.0000000000e+00	1.0000000000e+00	
1.2517000000e-05	9.9999644565e-01	1.0000006487e+00	0.0000000000e+00	0.0000000000e+00	0.0000000000e+00	1.0000000000e+00	
1.2942000000e-05	1.0000000000e+00	1.0000000000e+00	0.0000000000e+00	0.0000000000e+00	0.0000000000e+00	1.0000000000e+00	
1.3380000000e-05	1.0000000000e+00	1.0000000000e+00	0.0000000000e+00	0.0000000000e+00	0.0000000000e+00	1.0000000000e+00	
1.3834000000e-05	1.0000000000e+00	1.0000000000e+00	0.0000000000e+00	0.0000000000e+00	0.0000000000e+00	1.0000000000e+00	
1.4303000000e-05	1.0000000000e+00	1.0000000000e+00	0.0000000000e+00	0.0000000000e+00	0.0000000000e+00	1.0000000000e+00	
1.4787000000e-05	1.0000000000e+00	1.0000000000e+00	0.0000000000e+00	0.0000000000e+00	0.0000000000e+00	1.0000000000e+00	
1.5289000000e-05	1.0000000000e+00	1.0000000000e+00	0.0000000000e+00	0.0000000000e+00	0.0000000000e+00	1.0000000000e+00	
1.5807000000e-05	1.0000000000e+00	1.0000000000e+00	0.0000000000e+00	0.0000000000e+00	0.0000000000e+00	1.0000000000e+00	
1.6343000000e-05	1.0000000000e+00	1.0000000000e+00	0.0000000000e+00	0.0000000000e+00	0.0000000000e+00	1.0000000000e+00	
1.6897000000e-05	1.0000000000e+00	1.0000000000e+00	0.0000000000e+00	0.0000000000e+00	0.0000000000e+00	1.0000000000e+00	
1.7469000000e-05	1.0000000000e+00	1.0000000000e+00	0.0000000000e+00	0.0000000000e+00	0.0000000000e+00	1.0000000000e+00	
1.8061000000e-05	1.0000000000e+00	1.0000000000e+00	0.0000000000e+00	0.0000000000e+00	0.0000000000e+00	1.0000000000e+00	
1.8674000000e-05	1.0000000000e+00	1.0000000000e+00	0.0000000000e+00	0.0000000000e+00	0.0000000000e+00	1.0000000000e+00	
1.9307000000e-05	1.0000000000e+00	1.0000000000e+00	0.0000000000e+00	0.0000000000e+00	0.0000000000e+00	1.0000000000e+00	
1.9961000000e-05	1.0000000000e+00	1.0000000000e+00	0.0000000000e+00	0.0000000000e+00	0.0000000000e+00	1.0000000000e+00	
2.0638000000e-05	1.0000000000e+00	1.0000000000e+00	0.0000000000e+00	0.0000000000e+00	0.0000000000e+00	1.0000000000e+00	
2.1337000000e-05	1.0000000000e+00	1.0000000000e+00	0.0000000000e+00	0.0000000000e+00	0.0000000000e+00	1.0000000000e+00	
2.2060000000e-05	1.0000000000e+00	1.0000000000e+00	0.0000000000e+00	0.0000000000e+00	0.0000000000e+00	1.0000000000e+00	
2.2808000000e-05	1.0000000000e+00	1.0000000000e+00	0.0000000000e+00	0.0000000000e+00	0.0000000000e+00	1.0000000000e+00	
2.3581000000e-05	1.0000000000e+00	1.0000000000e+00	0.0000000000e+00	0.0000000000e+00	0.0000000000e+00	1.0000000000e+00	
2.4380000000e-05	1.0000000000e+00	1.0000000000e+00	0.0000000000e+00	0.0000000000e+00	0.0000000000e+00	1.0000000000e+00	
2.5207000000e-05	1.0000000000e+00	1.0000000000e+00	0.0000000000e+00	0.0000000000e+00	0.0000000000e+00	1.0000000000e+00	
2.6061000000e-05	1.0000000000e+00	1.0000000000e+00	0.0000000000e+00	0.0000000000e+00	0.0000000000e+00	1.0000000000e+00	
2.6945000000e-05	1.0000000000e+00	1.0000000000e+00	0.0000000000e+00	0.0000000000e+00	0.0000000000e+00	1.0000000000e+00	
2.7858000000e-05	1.0000000000e+00	1.0000000000e+00	0.0000000000e+00	0.0000000000e+00	0.0000000000e+00	1.0000000000e+00	
2.8802000000e-05	1.0000000000e+00	1.0000000000e+00	0.0000000000e+00	0.0000000000e+00	0.0000000000e+00	1.0000000000e+00	
2.9778000000e-05	1.0000000000e+00	1.0000000000e+00	0.0000000000e+00	0.0000000000e+00	0.0000000000e+00	1.0000000000e+00	
3.0788000000e-05	1.0000000000e+00	1.0000000000e+00	0.0000000000e+00	0.0000000000e+00	0.0000000000e+00	1.0000000000e+00	
3.1831000000e-05	1.0000000000e+00	1.0000000000e+00	0.0000000000e+00	0.0000000000e+00	0.0000000000e+00	1.0000000000e+00	
3.2910000000e-05	1.0000000000e+00	1.0000000000e+00	0.0000000000e+00	0.0000000000e+00	0.0000000000e+00	1.0000000000e+00	
3.4026000000e-05	1.0000000000e+00	1.0000000000e+00	0.0000000000e+00	0.0000000000e+00	0.0000000000e+00	1.0000000000e+00	
3.5179000000e-05	1.0000000000e+00	1.0000000000e+00	0.0000000000e+00	0.0000000000e+00	0.0000000000e+00	1.0000000000e+00	
3.6371000000e-05	1.0000000000e+00	1.0000000000e+00	0.0000000000e+00	0.0000000000e+00	0.0000000000e+00	1.0000000000e+00	
3.7604000000e-05	1.0000000000e+00	1.0000000000e+00	0.0000000000e+00	0.0000000000e+00	0.0000000000e+00	1.0000000000e+00	
3.8879000000e-05	1.0000000000e+00	1.0000000000e+00	0.0000000000e+00	0.0000000000e+00	0.0000000000e+00	1.0000000000e+00	
4.0197000000e-05	1.0000000000e+00	1.0000000000e+00	0.0000000000e+00	0.0000000000e+00	0.0000000000e+00	1.0000000000e+00	
4.1559000000e-05	1.0000000000e+00	1.0000000000e+00	0.0000000000e+00	0.0000000000e+00	0.0000000000e+00	1.0000000000e+00	
4.2968000000e-05	9.9999644563e-01	1.0000006487e+00	0.0000000000e+00	0.0000000000e+00	0.0000000000e+00	1.0000000000e+00	
4.4424000000e-05	9.9999644563e-01	1.0000006487e+00	0.0000000000e+00	0.0000000000e+00	0.0000000000e+00	1.0000000000e+00	
4.5930000000e-05	1.0000000000e+00	1.0000000000e+00	0.0000000000e+00	0.0000000000e+00	0.0000000000e+00	1.0000000000e+00	
4.7487000000e-05	1.0000000000e+00	1.0000000000e+00	0.0000000000e+00	0.0000000000e+00	0.0000000000e+00	1.0000000000e+00	
4.9096000000e-05	1.0000000000e+00	1.0000000000e+00	0.0000000000e+00	0.0000000000e+00	0.0000000000e+00	1.0000000000e+00	
5.0760000000e-05	1.0000000000e+00	1.0000000000e+00	0.0000000000e+00	0.0000000000e+00	0.0000000000e+00	1.0000000000e+00	
5.2481000000e-05	1.0000000000e+00	1.0000000000e+00	0.0000000000e+00	0.0000000000e+00	0.0000000000e+00	1.0000000000e+00	
5.4260000000e-05	1.0000000000e+00	1.0000000000e+00	0.0000000000e+00	0.0000000000e+00	0.0000000000e+00	1.0000000000e+00	
5.6099000000e-05	1.0000000000e+00	1.0000000000e+00	0.0000000000e+00	0.0000000000e+00	0.0000000000e+00	1.0000000000e+00	
5.8000000000e-05	9.9999644562e-01	1.0000006487e+00	0.0000000000e+00	0.0000000000e+00	0.0000000000e+00	1.0000000000e+00	
5.9966000000e-05	9.9999644562e-01	1.0000006487e+00	0.0000000000e+00	0.0000000000e+00	0.0000000000e+00	1.0000000000e+00	
6.1999000000e-05	1.0000000000e+00	1.0000000000e+00	0.0000000000e+00	0.0000000000e+00	0.0000000000e+00	1.0000000000e+00	
6.4100000000e-05	1.0000000000e+00	1.0000000000e+00	0.0000000000e+00	0.0000000000e+00	0.0000000000e+00	1.0000000000e+00	
6.6273000000e-05	1.0000000000e+00	1.0000000000e+00	0.0000000000e+00	0.0000000000e+00	0.0000000000e+00	1.0000000000e+00	
6.8519000000e-05	1.0000000000e+00	1.0000000000e+00	0.0000000000e+00	0.0000000000e+00	0.0000000000e+00	1.0000000000e+00	
7.0842000000e-05	9.9999644560e-01	1.0000006487e+00	0.0000000000e+00	0.0000000000e+00	0.0000000000e+00	1.0000000000e+00	
7.3243000000e-05	9.9999644560e-01	1.0000006487e+00	0.0000000000e+00	0.0000000000e+00	0.0000000000e+00	1.0000000000e+00	
7.5726000000e-05	1.0000000000e+00	1.0000000000e+00	0.0000000000e+00	0.0000000000e+00	0.0000000000e+00	1.0000000000e+00	
7.8292000000e-05	1.0000000000e+00	1.0000000000e+00	0.0000000000e+00	0.0000000000e+00	0.0000000000e+00	1.0000000000e+00	
8.0946000000e-05	9.9999644559e-01	1.0000006487e+00	0.0000000000e+00	0.0000000000e+00	0.0000000000e+00	1.0000000000e+00	
8.3690000000e-05	9.9999644559e-01	1.0000006487e+00	0.0000000000e+00	0.0000000000e+00	0.0000000000e+00	1.0000000000e+00	
8.6526000000e-05	1.0000000000e+00	1.0000000000e+00	0.0000000000e+00	0.0000000000e+00	0.0000000000e+00	1.0000000000e+00	
8.9459000000e-05	1.0000000000e+00	1.0000000000e+00	0.0000000000e+00	0.0000000000e+00	0.0000000000e+00	1.0000000000e+00	
9.2491000000e-05	9.9999644557e-01	1.0000006487e+00	0.0000000000e+00	0.0000000000e+00	0.0000000000e+00	1.0000000000e+00	
9.5626000000e-05	9.9999644557e-01	1.0000006487e+00	0.0000000000e+00	0.0000000000e+00	0.0000000000e+00	1.0000000000e+00	
9.8868000000e-05	9.9999644556e-01	1.0000006487e+00	0.0000000000e+00	0.0000000000e+00	0.0000000000e+00	1.0000000000e+00	
1.0222000000e-04	9.9999644556e-01	1.0000006487e+00	0.0000000000e+00	0.0000000000e+00	0.0000000000e+00	1.0000000000e+00	
1.0568000000e-04	1.0000000000e+00	1.0000000000e+00	0.0000000000e+00	0.0000000000e+00	0.0000000000e+00	1.0000000000e+00	
1.0927000000e-04	9.9999644554e-01	1.0000006487e+00	0.0000000000e+00	0.0000000000e+00	0.0000000000e+00	1.0000000000e+00	
1.1297000000e-04	9.9999644554e-01	1.0000006487e+00	0.0000000000e+00	0.0000000000e+00	0.0000000000e+00	1.0000000000e+00	
1.1680000000e-04	9.9999644553e-01	1.0000006487e+00	0.0000000000e+00	0.0000000000e+00	0.0000000000e+00	1.0000000000e+00	
1.2076000000e-04	9.9999289105e-01	1.0000012974e+00	0.0000000000e+00	0.0000000000e+00	0.0000000000e+00	1.0000000000e+00	
1.2485000000e-04	9.9999644551e-01	1.0000006487e+00	0.0000000000e+00	0.0000000000e+00	0.0000000000e+00	1.0000000000e+00	
1.2908000000e-04	9.9999644550e-01	1.0000006487e+00	0.0000000000e+00	0.0000000000e+00	0.0000000000e+00	1.0000000000e+00	
1.3346000000e-04	9.9999289099e-01	1.0000012974e+00	0.0000000000e+00	0.0000000000e+00	0.0000000000e+00	1.0000000000e+00	
1.3798000000e-04	9.9999644548e-01	1.0000006487e+00	0.0000000000e+00	0.0000000000e+00	0.0000000000e+00	1.0000000000e+00	
1.4266000000e-04	9.9999644547e-01	1.0000006487e+00	0.0000000000e+00	0.0000000000e+00	0.0000000000e+00	1.0000000000e+00	
1.4749000000e-04	9.9999289093e-01	1.0000012974e+00	0.0000000000e+00	0.0000000000e+00	0.0000000000e+00	1.0000000000e+00	
1.5249000000e-04	9.9999289090e-01	1.0000012974e+00	0.0000000000e+00	0.0000000000e+00	0.0000000000e+00	1.0000000000e+00	
1.5766000000e-04	9.9999289087e-01	1.0000012974e+00	0.0000000000e+00	0.0000000000e+00	0.0000000000e+00	1.0000000000e+00	
1.6301000000e-04	9.9999289084e-01	1.0000012974e+00	0.0000000000e+00	0.0000000000e+00	0.0000000000e+00	1.0000000000e+00	
1.6853000000e-04	9.9999289081e-01	1.0000012974e+00	0.0000000000e+00	0.0000000000e+00	0.0000000000e+00	1.0000000000e+00	
1.7424000000e-04	9.9998933616e-01	1.0000019461e+00	0.0000000000e+00	0.0000000000e+00	0.0000000000e+00	1.0000000000e+00	
1.8015000000e-04	9.9998933612e-01	1.0000019461e+00	0.0000000000e+00	0.0000000000e+00	0.0000000000e+00	1.0000000000e+00	
1.8625000000e-04	9.9999289069e-01	1.0000012974e+00	0.0000000000e+00	0.0000000000e+00	0.0000000000e+00	1.0000000000e+00	
1.9257000000e-04	9.9998933598e-01	1.0000019461e+00	0.0000000000e+00	0.0000000000e+00	0.0000000000e+00	1.0000000000e+00	
1.9909000000e-04	9.9998933594e-01	1.0000019461e+00	0.0000000000e+00	0.0000000000e+00	0.0000000000e+00	1.0000000000e+00	
2.0584000000e-04	9.9998933585e-01	1.0000019462e+00	0.0000000000e+00	0.0000000000e+00	0.0000000000e+00	1.0000000000e+00	
2.1282000000e-04	9.9998578106e-01	1.0000025949e+00	0.0000000000e+00	0.0000000000e+00	0.0000000000e+00	1.0000000000e+00	
2.2003000000e-04	9.9998578094e-01	1.0000025949e+00	0.0000000000e+00	0.0000000000e+00	0.0000000000e+00	1.0000000000e+00	
2.2749000000e-04	9.9998578082e-01	1.0000025949e+00	0.0000000000e+00	0.0000000000e+00	0.0000000000e+00	1.0000000000e+00	
2.3520000000e-04	9.9998578070e-01	1.0000025950e+00	0.0000000000e+00	0.0000000000e+00	0.0000000000e+00	1.0000000000e+00	
2.4318000000e-04	9.9998222572e-01	1.0000032437e+00	0.0000000000e+00	0.0000000000e+00	0.0000000000e+00	1.0000000000e+00	
2.5142000000e-04	9.9998222557e-01	1.0000032438e+00	0.0000000000e+00	0.0000000000e+00	0.0000000000e+00	1.0000000000e+00	
2.5994000000e-04	9.9998222534e-01	1.0000032438e+00	0.0000000000e+00	0.0000000000e+00	0.0000000000e+00	1.0000000000e+00	
2.6875000000e-04	9.9997867022e-01	1.0000038926e+00	0.0000000000e+00	0.0000000000e+00	0.0000000000e+00	1.0000000000e+00	
2.7786000000e-04	9.9997866995e-01	1.0000038926e+00	0.0000000000e+00	0.0000000000e+00	0.0000000000e+00	1.0000000000e+00	
2.8728000000e-04	9.9997866968e-01	1.0000038927e+00	0.0000000000e+00	0.0000000000e+00	0.0000000000e+00	1.0000000000e+00	
2.9701000000e-04	9.9997511430e-01	1.0000045415e+00	0.0000000000e+00	0.0000000000e+00	0.0000000000e+00	1.0000000000e+00	
3.0708000000e-04	9.9997511388e-01	1.0000045416e+00	0.0000000000e+00	0.0000000000e+00	0.0000000000e+00	1.0000000000e+00	
3.1749000000e-04	9.9997155834e-01	1.0000051905e+00	0.0000000000e+00	0.0000000000e+00	0.0000000000e+00	1.0000000000e+00	
3.2825000000e-04	9.9997155786e-01	1.0000051906e+00	0.0000000000e+00	0.0000000000e+00	0.0000000000e+00	1.0000000000e+00	
3.3938000000e-04	9.9996800203e-01	1.0000058395e+00	0.0000000000e+00	0.0000000000e+00	0.0000000000e+00	1.0000000000e+00	
3.5088000000e-04	9.9996444608e-01	1.0000064884e+00	0.0000000000e+00	0.0000000000e+00	0.0000000000e+00	1.0000000000e+00	
3.6277000000e-04	9.9996444534e-01	1.0000064886e+00	0.0000000000e+00	0.0000000000e+00	0.0000000000e+00	1.0000000000e+00	
3.7507000000e-04	9.9996088902e-01	1.0000071376e+00	0.0000000000e+00	0.0000000000e+00	0.0000000000e+00	1.0000000000e+00	
3.8778000000e-04	9.9996088804e-01	1.0000071378e+00	0.0000000000e+00	0.0000000000e+00	0.0000000000e+00	1.0000000000e+00	
4.0093000000e-04	9.9995733148e-01	1.0000077868e+00	0.0000000000e+00	0.0000000000e+00	0.0000000000e+00	1.0000000000e+00	
4.1452000000e-04	9.9995377457e-01	1.0000084359e+00	0.0000000000e+00	0.0000000000e+00	0.0000000000e+00	1.0000000000e+00	
4.2857000000e-04	9.9995021727e-01	1.0000090851e+00	0.0000000000e+00	0.0000000000e+00	0.0000000000e+00	1.0000000000e+00	
4.4309000000e-04	9.9994665976e-01	1.0000097343e+00	0.0000000000e+00	0.0000000000e+00	0.0000000000e+00	1.0000000000e+00	
4.5811000000e-04	9.9994310203e-01	1.0000103836e+00	0.0000000000e+00	0.0000000000e+00	0.0000000000e+00	1.0000000000e+00	
4.7364000000e-04	9.9993954383e-01	1.0000110330e+00	0.0000000000e+00	0.0000000000e+00	0.0000000000e+00	1.0000000000e+00	
4.8969000000e-04	9.9993598513e-01	1.0000116824e+00	0.0000000000e+00	0.0000000000e+00	0.0000000000e+00	1.0000000000e+00	
5.0629000000e-04	9.9993242614e-01	1.0000123319e+00	0.0000000000e+00	0.0000000000e+00	0.0000000000e+00	1.0000000000e+00	
5.2345000000e-04	9.9992530987e-01	1.0000136306e+00	0.0000000000e+00	0.0000000000e+00	0.0000000000e+00	1.0000000000e+00	
5.4120000000e-04	9.9992174985e-01	1.0000142803e+00	0.0000000000e+00	0.0000000000e+00	0.0000000000e+00	1.0000000000e+00	
5.5954000000e-04	9.9991463214e-01	1.0000155792e+00	0.0000000000e+00	0.0000000000e+00	0.0000000000e+00	1.0000000000e+00	
5.7851000000e-04	9.9990751336e-01	1.0000168784e+00	0.0000000000e+00	0.0000000000e+00	0.0000000000e+00	1.0000000000e+00	
5.9811000000e-04	9.9990395087e-01	1.0000175285e+00	0.0000000000e+00	0.0000000000e+00	0.0000000000e+00	1.0000000000e+00	
6.1839000000e-04	9.9989682991e-01	1.0000188281e+00	0.0000000000e+00	0.0000000000e+00	0.0000000000e+00	1.0000000000e+00	
6.3935000000e-04	9.9988970809e-01	1.0000201278e+00	0.0000000000e+00	0.0000000000e+00	0.0000000000e+00	1.0000000000e+00	
6.6102000000e-04	9.9988258443e-01	1.0000214278e+00	0.0000000000e+00	0.0000000000e+00	0.0000000000e+00	1.0000000000e+00	
6.8342000000e-04	9.9987190142e-01	1.0000233774e+00	0.0000000000e+00	0.0000000000e+00	0.0000000000e+00	1.0000000000e+00	
7.0659000000e-04	9.9986477441e-01	1.0000246780e+00	0.0000000000e+00	0.0000000000e+00	0.0000000000e+00	1.0000000000e+00	
7.3054000000e-04	9.9985764571e-01	1.0000259790e+00	0.0000000000e+00	0.0000000000e+00	0.0000000000e+00	1.0000000000e+00	
7.5530000000e-04	9.9984695596e-01	1.0000279298e+00	0.0000000000e+00	0.0000000000e+00	0.0000000000e+00	1.0000000000e+00	
7.8090000000e-04	9.9983626299e-01	1.0000298812e+00	0.0000000000e+00	0.0000000000e+00	0.0000000000e+00	1.0000000000e+00	
8.0737000000e-04	9.9982556726e-01	1.0000318332e+00	0.0000000000e+00	0.0000000000e+00	0.0000000000e+00	1.0000000000e+00	
8.3474000000e-04	9.9981130830e-01	1.0000344354e+00	0.0000000000e+00	0.0000000000e+00	0.0000000000e+00	1.0000000000e+00	
8.6303000000e-04	9.9980060458e-01	1.0000363887e+00	0.0000000000e+00	0.0000000000e+00	0.0000000000e+00	1.0000000000e+00	
8.9228000000e-04	9.9978277510e-01	1.0000396425e+00	0.0000000000e+00	0.0000000000e+00	0.0000000000e+00	1.0000000000e+00	
9.2253000000e-04	9.9976850100e-01	1.0000422475e+00	0.0000000000e+00	0.0000000000e+00	0.0000000000e+00	1.0000000000e+00	
9.5380000000e-04	9.9975422115e-01	1.0000448535e+00	0.0000000000e+00	0.0000000000e+00	0.0000000000e+00	1.0000000000e+00	
9.8612000000e-04	9.9973637136e-01	1.0000481110e+00	0.0000000000e+00	0.0000000000e+00	0.0000000000e+00	1.0000000000e+00	
1.0195000000e-03	9.9971851501e-01	1.0000513697e+00	0.0000000000e+00	0.0000000000e+00	0.0000000000e+00	1.0000000000e+00	
1.0541000000e-03	9.9970064808e-01	1.0000546303e+00	0.0000000000e+00	0.0000000000e+00	0.0000000000e+00	1.0000000000e+00	
1.0898000000e-03	9.9967564457e-01	1.0000591934e+00	0.0000000000e+00	0.0000000000e+00	0.0000000000e+00	1.0000000000e+00	
1.1268000000e-03	9.9965419156e-01	1.0000631084e+00	0.0000000000e+00	0.0000000000e+00	0.0000000000e+00	1.0000000000e+00	
1.1650000000e-03	9.9963272560e-01	1.0000670259e+00	0.0000000000e+00	0.0000000000e+00	0.0000000000e+00	1.0000000000e+00	
1.2045000000e-03	9.9960767905e-01	1.0000715967e+00	0.0000000000e+00	0.0000000000e+00	0.0000000000e+00	1.0000000000e+00	
1.2453000000e-03	9.9957904856e-01	1.0000768217e+00	0.0000000000e+00	0.0000000000e+00	0.0000000000e+00	1.0000000000e+00	
1.2875000000e-03	9.9955039523e-01	1.0000820508e+00	0.0000000000e+00	0.0000000000e+00	0.0000000000e+00	1.0000000000e+00	
1.3311000000e-03	9.9952172129e-01	1.0000872836e+00	0.0000000000e+00	0.0000000000e+00	0.0000000000e+00	1.0000000000e+00	
1.3762000000e-03	9.9948588228e-01	1.0000938241e+00	0.0000000000e+00	0.0000000000e+00	0.0000000000e+00	1.0000000000e+00	
1.4229000000e-03	9.9945001122e-01	1.0001003704e+00	0.0000000000e+00	0.0000000000e+00	0.0000000000e+00	1.0000000000e+00	
1.4711000000e-03	9.9941410580e-01	1.0001069230e+00	0.0000000000e+00	0.0000000000e+00	0.0000000000e+00	1.0000000000e+00	
1.5210000000e-03	9.9937101800e-01	1.0001147863e+00	0.0000000000e+00	0.0000000000e+00	0.0000000000e+00	1.0000000000e+00	
1.5725000000e-03	9.9932788334e-01	1.0001226582e+00	0.0000000000e+00	0.0000000000e+00	0.0000000000e+00	1.0000000000e+00	
1.6258000000e-03	9.9928112149e-01	1.0001311920e+00	0.0000000000e+00	0.0000000000e+00	0.0000000000e+00	1.0000000000e+00	
1.6810000000e-03	9.9923072449e-01	1.0001403892e+00	0.0000000000e+00	0.0000000000e+00	0.0000000000e+00	1.0000000000e+00	
1.7379000000e-03	9.9918026046e-01	1.0001495986e+00	0.0000000000e+00	0.0000000000e+00	0.0000000000e+00	1.0000000000e+00	
1.7968000000e-03	9.9912614288e-01	1.0001594749e+00	0.0000000000e+00	0.0000000000e+00	0.0000000000e+00	1.0000000000e+00	
1.8577000000e-03	9.9906477769e-01	1.0001706737e+00	0.0000000000e+00	0.0000000000e+00	0.0000000000e+00	1.0000000000e+00	
1.9207000000e-03	9.9899972956e-01	1.0001825447e+00	0.0000000000e+00	0.0000000000e+00	0.0000000000e+00	1.0000000000e+00	
1.9858000000e-03	9.9892739767e-01	1.0001957449e+00	0.0000000000e+00	0.0000000000e+00	0.0000000000e+00	1.0000000000e+00	
2.0531000000e-03	9.9885134696e-01	1.0002096238e+00	0.0000000000e+00	0.0000000000e+00	0.0000000000e+00	1.0000000000e+00	
2.1227000000e-03	9.9877514910e-01	1.0002235296e+00	0.0000000000e+00	0.0000000000e+00	0.0000000000e+00	1.0000000000e+00	
2.1947000000e-03	9.9868800804e-01	1.0002394324e+00	0.0000000000e+00	0.0000000000e+00	0.0000000000e+00	1.0000000000e+00	
2.2690000000e-03	9.9859707903e-01	1.0002560265e+00	0.0000000000e+00	0.0000000000e+00	0.0000000000e+00	1.0000000000e+00	
2.3460000000e-03	9.9850234047e-01	1.0002733159e+00	0.0000000000e+00	0.0000000000e+00	0.0000000000e+00	1.0000000000e+00	
2.4255000000e-03	9.9840015168e-01	1.0002919649e+00	0.0000000000e+00	0.0000000000e+00	0.0000000000e+00	1.0000000000e+00	
2.5077000000e-03	9.9828687547e-01	1.0003126373e+00	0.0000000000e+00	0.0000000000e+00	0.0000000000e+00	1.0000000000e+00	
2.5927000000e-03	9.9816967009e-01	1.0003340267e+00	0.0000000000e+00	0.0000000000e+00	0.0000000000e+00	1.0000000000e+00	
2.6806000000e-03	9.9804127234e-01	1.0003574587e+00	0.0000000000e+00	0.0000000000e+00	0.0000000000e+00	1.0000000000e+00	
2.7714000000e-03	9.9790161430e-01	1.0003829456e+00	0.0000000000e+00	0.0000000000e+00	0.0000000000e+00	1.0000000000e+00	
2.8654000000e-03	9.9775785873e-01	1.0004091803e+00	0.0000000000e+00	0.0000000000e+00	0.0000000000e+00	1.0000000000e+00	
2.9625000000e-03	9.9760270257e-01	1.0004374956e+00	0.0000000000e+00	0.0000000000e+00	0.0000000000e+00	1.0000000000e+00	
3.0629000000e-03	9.9743605666e-01	1.0004679077e+00	0.0000000000e+00	0.0000000000e+00	0.0000000000e+00	1.0000000000e+00	
3.1667000000e-03	9.9725782312e-01	1.0005004345e+00	0.0000000000e+00	0.0000000000e+00	0.0000000000e+00	1.0000000000e+00	
3.2740000000e-03	9.9706425042e-01	1.0005357606e+00	0.0000000000e+00	0.0000000000e+00	0.0000000000e+00	1.0000000000e+00	
3.3850000000e-03	9.9685884004e-01	1.0005732471e+00	0.0000000000e+00	0.0000000000e+00	0.0000000000e+00	1.0000000000e+00	
3.4998000000e-03	9.9664147454e-01	1.0006129153e+00	0.0000000000e+00	0.0000000000e+00	0.0000000000e+00	1.0000000000e+00	
3.6184000000e-03	9.9640833403e-01	1.0006554623e+00	0.0000000000e+00	0.0000000000e+00	0.0000000000e+00	1.0000000000e+00	
3.7410000000e-03	9.9615558616e-01	1.0007015876e+00	0.0000000000e+00	0.0000000000e+00	0.0000000000e+00	1.0000000000e+00	
3.8678000000e-03	9.9588665989e-01	1.0007506654e+00	0.0000000000e+00	0.0000000000e+00	0.0000000000e+00	1.0000000000e+00	
3.9989000000e-03	9.9559767082e-01	1.0008034046e+00	0.0000000000e+00	0.0000000000e+00	0.0000000000e+00	1.0000000000e+00	
4.1345000000e-03	9.9528836114e-01	1.0008598522e+00	0.0000000000e+00	0.0000000000e+00	0.0000000000e+00	1.0000000000e+00	
4.2746000000e-03	9.9495840596e-01	1.0009200674e+00	0.0000000000e+00	0.0000000000e+00	0.0000000000e+00	1.0000000000e+00	
4.4195000000e-03	9.9460379922e-01	1.0009847815e+00	0.0000000000e+00	0.0000000000e+00	0.0000000000e+00	1.0000000000e+00	
4.5693000000e-03	9.9422414692e-01	1.0010540663e+00	0.0000000000e+00	0.0000000000e+00	0.0000000000e+00	1.0000000000e+00	
4.7242000000e-03	9.9381533322e-01	1.0011286729e+00	0.0000000000e+00	0.0000000000e+00	0.0000000000e+00	1.0000000000e+00	
4.8843000000e-03	9.9338429604e-01	1.0012073352e+00	0.0000000000e+00	0.0000000000e+00	0.0000000000e+00	1.0000000000e+00	
5.0499000000e-03	9.9291559761e-01	1.0012928705e+00	0.0000000000e+00	0.0000000000e+00	0.0000000000e+00	1.0000000000e+00	
5.2210000000e-03	9.9241611320e-01	1.0013840240e+00	0.0000000000e+00	0.0000000000e+00	0.0000000000e+00	1.0000000000e+00	
5.3980000000e-03	9.9187760954e-01	1.0014822984e+00	0.0000000000e+00	0.0000000000e+00	0.0000000000e+00	1.0000000000e+00	
5.5810000000e-03	9.9130315970e-01	1.0015871329e+00	0.0000000000e+00	0.0000000000e+00	0.0000000000e+00	1.0000000000e+00	
5.7701000000e-03	9.9068807942e-01	1.0016993822e+00	0.0000000000e+00	0.0000000000e+00	0.0000000000e+00	1.0000000000e+00	
5.9657000000e-03	9.9002766193e-01	1.0018199053e+00	0.0000000000e+00	0.0000000000e+00	0.0000000000e+00	1.0000000000e+00	
6.1679000000e-03	9.8931701559e-01	1.0019495949e+00	0.0000000000e+00	0.0000000000e+00	0.0000000000e+00	1.0000000000e+00	
6.3770000000e-03	9.8855877876e-01	1.0020879696e+00	0.0000000000e+00	0.0000000000e+00	0.0000000000e+00	1.0000000000e+00	
6.5931000000e-03	9.8774009117e-01	1.0022373763e+00	0.0000000000e+00	0.0000000000e+00	0.0000000000e+00	1.0000000000e+00	
6.8166000000e-03	9.8687111732e-01	1.0023959600e+00	0.0000000000e+00	0.0000000000e+00	0.0000000000e+00	1.0000000000e+00	
7.0476000000e-03	9.8593471223e-01	1.0025668495e+00	0.0000000000e+00	0.0000000000e+00	0.0000000000e+00	1.0000000000e+00	
7.2865000000e-03	9.8492909362e-01	1.0027503703e+00	0.0000000000e+00	0.0000000000e+00	0.0000000000e+00	1.0000000000e+00	
7.5335000000e-03	9.8385218889e-01	1.0029469004e+00	0.0000000000e+00	0.0000000000e+00	0.0000000000e+00	1.0000000000e+00	
7.7889000000e-03	9.8269788324e-01	1.0031575558e+00	0.0000000000e+00	0.0000000000e+00	0.0000000000e+00	1.0000000000e+00	
8.0529000000e-03	9.8145978941e-01	1.0033835021e+00	0.0000000000e+00	0.0000000000e+00	0.0000000000e+00	1.0000000000e+00	
8.3258000000e-03	9.8013519501e-01	1.0036252344e+00	0.0000000000e+00	0.0000000000e+00	0.0000000000e+00	1.0000000000e+00	
8.6080000000e-03	9.7870906433e-01	1.0038854966e+00	0.0000000000e+00	0.0000000000e+00	0.0000000000e+00	1.0000000000e+00	
8.8998000000e-03	9.7718208778e-01	1.0041641628e+00	0.0000000000e+00	0.0000000000e+00	0.0000000000e+00	1.0000000000e+00	
9.2014000000e-03	9.7554658327e-01	1.0044626347e+00	0.0000000000e+00	0.0000000000e+00	0.0000000000e+00	1.0000000000e+00	
9.5133000000e-03	9.7379457915e-01	1.0047823673e+00	0.0000000000e+00	0.0000000000e+00	0.0000000000e+00	1.0000000000e+00	
9.8358000000e-03	9.7191316952e-01	1.0051257158e+00	0.0000000000e+00	0.0000000000e+00	0.0000000000e+00	1.0000000000e+00	
1.0169000000e-02	9.6990173110e-01	1.0054927940e+00	0.0000000000e+00	0.0000000000e+00	0.0000000000e+00	1.0000000000e+00	
1.0514000000e-02	9.6774661867e-01	1.0058860919e+00	0.0000000000e+00	0.0000000000e+00	0.0000000000e+00	1.0000000000e+00	
1.0870000000e-02	9.6543329942e-01	1.0063082619e+00	0.0000000000e+00	0.0000000000e+00	0.0000000000e+00	1.0000000000e+00	
1.1239000000e-02	9.6295521859e-01	1.0067605001e+00	0.0000000000e+00	0.0000000000e+00	0.0000000000e+00	1.0000000000e+00	
1.1620000000e-02	9.6030952910e-01	1.0072433262e+00	0.0000000000e+00	0.0000000000e+00	0.0000000000e+00	1.0000000000e+00	
1.2013000000e-02	9.5747513060e-01	1.0077605907e+00	0.0000000000e+00	0.0000000000e+00	0.0000000000e+00	1.0000000000e+00	
1.2421000000e-02	9.5443925659e-01	1.0083146236e+00	0.0000000000e+00	0.0000000000e+00	0.0000000000e+00	1.0000000000e+00	
1.2842000000e-02	9.5120086148e-01	1.0089056156e+00	0.0000000000e+00	0.0000000000e+00	0.0000000000e+00	1.0000000000e+00	
1.3277000000e-02	9.4773168340e-01	1.0095387244e+00	0.0000000000e+00	0.0000000000e+00	0.0000000000e+00	1.0000000000e+00	
1.3727000000e-02	9.4402421254e-01	1.0102153206e+00	0.0000000000e+00	0.0000000000e+00	0.0000000000e+00	1.0000000000e+00	
1.4192000000e-02	9.4006616883e-01	1.0109376452e+00	0.0000000000e+00	0.0000000000e+00	0.0000000000e+00	1.0000000000e+00	
1.4673000000e-02	9.3583901021e-01	1.0117090819e+00	0.0000000000e+00	0.0000000000e+00	0.0000000000e+00	1.0000000000e+00	
1.5171000000e-02	9.3132720177e-01	1.0125324660e+00	0.0000000000e+00	0.0000000000e+00	0.0000000000e+00	1.0000000000e+00	
1.5685000000e-02	9.2651911309e-01	1.0134099198e+00	0.0000000000e+00	0.0000000000e+00	0.0000000000e+00	1.0000000000e+00	
1.6216000000e-02	9.2139675568e-01	1.0143447262e+00	0.0000000000e+00	0.0000000000e+00	0.0000000000e+00	1.0000000000e+00	
1.6766000000e-02	9.1594091239e-01	1.0153403922e+00	0.0000000000e+00	0.0000000000e+00	0.0000000000e+00	1.0000000000e+00	
1.7334000000e-02	9.1014004568e-01	1.0163990233e+00	0.0000000000e+00	0.0000000000e+00	0.0000000000e+00	1.0000000000e+00	
1.7922000000e-02	9.0397746722e-01	1.0175236652e+00	0.0000000000e+00	0.0000000000e+00	0.0000000000e+00	1.0000000000e+00	
1.8529000000e-02	8.9743363266e-01	1.0187178845e+00	0.0000000000e+00	0.0000000000e+00	0.0000000000e+00	1.0000000000e+00	
1.9157000000e-02	8.9049312668e-01	1.0199844946e+00	0.0000000000e+00	0.0000000000e+00	0.0000000000e+00	1.0000000000e+00	
1.9807000000e-02	8.8315018625e-01	1.0213245470e+00	0.0000000000e+00	0.0000000000e+00	0.0000000000e+00	1.0000000000e+00	
2.0478000000e-02	8.7538647718e-01	1.0227413878e+00	0.0000000000e+00	0.0000000000e+00	0.0000000000e+00	1.0000000000e+00	
2.1172000000e-02	8.6720033802e-01	1.0242353201e+00	0.0000000000e+00	0.0000000000e+00	0.0000000000e+00	1.0000000000e+00	
2.1890000000e-02	8.5857663168e-01	1.0258091063e+00	0.0000000000e+00	0.0000000000e+00	0.0000000000e+00	1.0000000000e+00	
2.2632000000e-02	8.4951813756e-01	1.0274622393e+00	0.0000000000e+00	0.0000000000e+00	0.0000000000e+00	1.0000000000e+00	
2.3399000000e-02	8.4002899730e-01	1.0291939632e+00	0.0000000000e+00	0.0000000000e+00	0.0000000000e+00	1.0000000000e+00	
2.4192000000e-02	8.3011280666e-01	1.0310036219e+00	0.0000000000e+00	0.0000000000e+00	0.0000000000e+00	1.0000000000e+00	
2.5012000000e-02	8.1979513319e-01	1.0328865493e+00	0.0000000000e+00	0.0000000000e+00	0.0000000000e+00	1.0000000000e+00	
2.5860000000e-02	8.0908575145e-01	1.0348409616e+00	0.0000000000e+00	0.0000000000e+00	0.0000000000e+00	1.0000000000e+00	
2.6736000000e-02	7.9803100459e-01	1.0368584014e+00	0.0000000000e+00	0.0000000000e+00	0.0000000000e+00	1.0000000000e+00	
2.7643000000e-02	7.8666913048e-01	1.0389318905e+00	0.0000000000e+00	0.0000000000e+00	0.0000000000e+00	1.0000000000e+00	
2.8580000000e-02	7.7506521105e-01	1.0410495518e+00	0.0000000000e+00	0.0000000000e+00	0.0000000000e+00	1.0000000000e+00	
2.9548000000e-02	7.6329107078e-01	1.0431982776e+00	0.0000000000e+00	0.0000000000e+00	0.0000000000e+00	1.0000000000e+00	
3.0550000000e-02	7.5144691378e-01	1.0453597811e+00	0.0000000000e+00	0.0000000000e+00	0.0000000000e+00	1.0000000000e+00	
3.1585000000e-02	7.3964051670e-01	1.0475143936e+00	0.0000000000e+00	0.0000000000e+00	0.0000000000e+00	1.0000000000e+00	
3.2656000000e-02	7.2800362410e-01	1.0496380723e+00	0.0000000000e+00	0.0000000000e+00	0.0000000000e+00	1.0000000000e+00	
3.3763000000e-02	7.1670320115e-01	1.0517003469e+00	0.0000000000e+00	0.0000000000e+00	0.0000000000e+00	1.0000000000e+00	
3.4907000000e-02	7.0590913249e-01	1.0536702142e+00	0.0000000000e+00	0.0000000000e+00	0.0000000000e+00	1.0000000000e+00	
3.6090000000e-02	6.9583468703e-01	1.0555087536e+00	0.0000000000e+00	0.0000000000e+00	0.0000000000e+00	1.0000000000e+00	
3.7314000000e-02	6.8669441771e-01	1.0571768102e+00	0.0000000000e+00	0.0000000000e+00	0.0000000000e+00	1.0000000000e+00	
3.8578000000e-02	6.7873401676e-01	1.0586295463e+00	0.0000000000e+00	0.0000000000e+00	0.0000000000e+00	1.0000000000e+00	
3.9886000000e-02	6.7220338152e-01	1.0598213568e+00	0.0000000000e+00	0.0000000000e+00	0.0000000000e+00	1.0000000000e+00	
4.1238000000e-02	6.6735540977e-01	1.0607060891e+00	0.0000000000e+00	0.0000000000e+00	0.0000000000e+00	1.0000000000e+00	
4.2636000000e-02	6.6443844451e-01	1.0612384217e+00	0.0000000000e+00	0.0000000000e+00	0.0000000000e+00	1.0000000000e+00	
4.4081000000e-02	6.6367080192e-01	1.0613785129e+00	0.0000000000e+00	0.0000000000e+00	0.0000000000e+00	1.0000000000e+00	
4.5575000000e-02	6.6523707451e-01	1.0610926754e+00	0.0000000000e+00	0.0000000000e+00	0.0000000000e+00	1.0000000000e+00	
4.7120000000e-02	6.6925982893e-01	1.0603585415e+00	0.0000000000e+00	0.0000000000e+00	0.0000000000e+00	1.0000000000e+00	
4.8717000000e-02	6.7578747146e-01	1.0591672771e+00	0.0000000000e+00	0.0000000000e+00	0.0000000000e+00	1.0000000000e+00	
5.0368000000e-02	6.8477046198e-01	1.0575279231e+00	0.0000000000e+00	0.0000000000e+00	0.0000000000e+00	1.0000000000e+00	
5.2075000000e-02	6.9604940297e-01	1.0554695689e+00	0.0000000000e+00	0.0000000000e+00	0.0000000000e+00	1.0000000000e+00	
5.3841000000e-02	7.0934208489e-01	1.0530437164e+00	0.0000000000e+00	0.0000000000e+00	0.0000000000e+00	1.0000000000e+00	
5.5666000000e-02	7.2423414897e-01	1.0503259840e+00	0.0000000000e+00	0.0000000000e+00	0.0000000000e+00	1.0000000000e+00	
5.7552000000e-02	7.4019740028e-01	1.0474127649e+00	0.0000000000e+00	0.0000000000e+00	0.0000000000e+00	1.0000000000e+00	
5.9503000000e-02	7.5658842468e-01	1.0444214793e+00	0.0000000000e+00	0.0000000000e+00	0.0000000000e+00	1.0000000000e+00	
6.1520000000e-02	7.7267674716e-01	1.0414854353e+00	0.0000000000e+00	0.0000000000e+00	0.0000000000e+00	1.0000000000e+00	
6.3605000000e-02	7.8766952045e-01	1.0387493240e+00	0.0000000000e+00	0.0000000000e+00	0.0000000000e+00	1.0000000000e+00	
6.5761000000e-02	8.0075200972e-01	1.0363618306e+00	0.0000000000e+00	0.0000000000e+00	0.0000000000e+00	1.0000000000e+00	
6.7990000000e-02	8.1112519179e-01	1.0344687732e+00	0.0000000000e+00	0.0000000000e+00	0.0000000000e+00	1.0000000000e+00	
7.0295000000e-02	8.1804922658e-01	1.0332051691e+00	0.0000000000e+00	0.0000000000e+00	0.0000000000e+00	1.0000000000e+00	
7.2677000000e-02	8.2089727185e-01	1.0326854141e+00	0.0000000000e+00	0.0000000000e+00	0.0000000000e+00	1.0000000000e+00	
7.5141000000e-02	8.1919993908e-01	1.0329951694e+00	0.0000000000e+00	0.0000000000e+00	0.0000000000e+00	1.0000000000e+00	
7.7687000000e-02	8.1271172317e-01	1.0341792386e+00	0.0000000000e+00	0.0000000000e+00	0.0000000000e+00	1.0000000000e+00	
8.0321000000e-02	8.0147001245e-01	1.0362307985e+00	0.0000000000e+00	0.0000000000e+00	0.0000000000e+00	1.0000000000e+00	
8.3043000000e-02	7.8585824585e-01	1.0390798732e+00	0.0000000000e+00	0.0000000000e+00	0.0000000000e+00	1.0000000000e+00	
8.5858000000e-02	7.6668473309e-01	1.0425789500e+00	0.0000000000e+00	0.0000000000e+00	0.0000000000e+00	1.0000000000e+00	
8.8768000000e-02	7.4521082963e-01	1.0464978374e+00	0.0000000000e+00	0.0000000000e+00	0.0000000000e+00	1.0000000000e+00	
9.1777000000e-02	7.2318282309e-01	1.0505178461e+00	0.0000000000e+00	0.0000000000e+00	0.0000000000e+00	1.0000000000e+00	
9.4888000000e-02	7.0275101911e-01	1.0542465552e+00	0.0000000000e+00	0.0000000000e+00	0.0000000000e+00	1.0000000000e+00	
9.8104000000e-02	6.8629516964e-01	1.0572496711e+00	0.0000000000e+00	0.0000000000e+00	0.0000000000e+00	1.0000000000e+00	
1.0143000000e-01	6.7612729817e-01	1.0591052603e+00	0.0000000000e+00	0.0000000000e+00	0.0000000000e+00	1.0000000000e+00	
1.0487000000e-01	6.7405375996e-01	1.0594836714e+00	0.0000000000e+00	0.0000000000e+00	0.0000000000e+00	1.0000000000e+00	
1.0842000000e-01	6.8091846784e-01	1.0582308941e+00	0.0000000000e+00	0.0000000000e+00	0.0000000000e+00	1.0000000000e+00	
1.1210000000e-01	6.9624682994e-01	1.0554335394e+00	0.0000000000e+00	0.0000000000e+00	0.0000000000e+00	1.0000000000e+00	
1.1590000000e-01	7.1811701534e-01	1.0514423324e+00	0.0000000000e+00	0.0000000000e+00	0.0000000000e+00	1.0000000000e+00	
1.1982000000e-01	7.4333267463e-01	1.0468405920e+00	0.0000000000e+00	0.0000000000e+00	0.0000000000e+00	1.0000000000e+00	
1.2389000000e-01	7.6793939638e-01	1.0423499798e+00	0.0000000000e+00	0.0000000000e+00	0.0000000000e+00	1.0000000000e+00	
1.2808000000e-01	7.8787315337e-01	1.0387121620e+00	0.0000000000e+00	0.0000000000e+00	0.0000000000e+00	1.0000000000e+00	
1.3243000000e-01	7.9965343973e-01	1.0365623145e+00	0.0000000000e+00	0.0000000000e+00	0.0000000000e+00	1.0000000000e+00	
1.3691000000e-01	8.0099811752e-01	1.0363169171e+00	0.0000000000e+00	0.0000000000e+00	0.0000000000e+00	1.0000000000e+00	
1.4156000000e-01	7.9132556729e-01	1.0380821125e+00	0.0000000000e+00	0.0000000000e+00	0.0000000000e+00	1.0000000000e+00	
1.4635000000e-01	7.7214899121e-01	1.0415817483e+00	0.0000000000e+00	0.0000000000e+00	0.0000000000e+00	1.0000000000e+00	
1.5131000000e-01	7.4719193882e-01	1.0461362942e+00	0.0000000000e+00	0.0000000000e+00	0.0000000000e+00	1.0000000000e+00	
1.5644000000e-01	7.2213566557e-01	1.0507089474e+00	0.0000000000e+00	0.0000000000e+00	0.0000000000e+00	1.0000000000e+00	
1.6175000000e-01	7.0352751981e-01	1.0541048474e+00	0.0000000000e+00	0.0000000000e+00	0.0000000000e+00	1.0000000000e+00	
1.6723000000e-01	6.9688374394e-01	1.0553173056e+00	0.0000000000e+00	0.0000000000e+00	0.0000000000e+00	1.0000000000e+00	
1.7290000000e-01	7.0448310031e-01	1.0539304584e+00	0.0000000000e+00	0.0000000000e+00	0.0000000000e+00	1.0000000000e+00	
1.7876000000e-01	7.2391099052e-01	1.0503849589e+00	0.0000000000e+00	0.0000000000e+00	0.0000000000e+00	1.0000000000e+00	
1.8482000000e-01	7.4853328986e-01	1.0458915039e+00	0.0000000000e+00	0.0000000000e+00	0.0000000000e+00	1.0000000000e+00	
1.9108000000e-01	7.6984067800e-01	1.0420030048e+00	0.0000000000e+00	0.0000000000e+00	0.0000000000e+00	1.0000000000e+00	
1.9756000000e-01	7.8051905195e-01	1.0400542512e+00	0.0000000000e+00	0.0000000000e+00	0.0000000000e+00	1.0000000000e+00	
2.0425000000e-01	7.7706770731e-01	1.0406841056e+00	0.0000000000e+00	0.0000000000e+00	0.0000000000e+00	1.0000000000e+00	
2.1118000000e-01	7.6124948680e-01	1.0435708572e+00	0.0000000000e+00	0.0000000000e+00	0.0000000000e+00	1.0000000000e+00	
2.1833000000e-01	7.4000835437e-01	1.0474472649e+00	0.0000000000e+00	0.0000000000e+00	0.0000000000e+00	1.0000000000e+00	
2.2573000000e-01	7.2316872621e-01	1.0505204187e+00	0.0000000000e+00	0.0000000000e+00	0.0000000000e+00	1.0000000000e+00	
2.3339000000e-01	7.1887260829e-01	1.0513044402e+00	0.0000000000e+00	0.0000000000e+00	0.0000000000e+00	1.0000000000e+00	
2.4130000000e-01	7.2873077716e-01	1.0495053703e+00	0.0000000000e+00	0.0000000000e+00	0.0000000000e+00	1.0000000000e+00	
2.4948000000e-01	7.4629651856e-01	1.0462997042e+00	0.0000000000e+00	0.0000000000e+00	0.0000000000e+00	1.0000000000e+00	
2.5793000000e-01	7.6090412248e-01	1.0436338845e+00	0.0000000000e+00	0.0000000000e+00	0.0000000000e+00	1.0000000000e+00	
2.6667000000e-01	7.6425109509e-01	1.0430230776e+00	0.0000000000e+00	0.0000000000e+00	0.0000000000e+00	1.0000000000e+00	
2.7571000000e-01	7.5540460213e-01	1.0446375214e+00	0.0000000000e+00	0.0000000000e+00	0.0000000000e+00	1.0000000000e+00	
2.8506000000e-01	7.4146384981e-01	1.0471816438e+00	0.0000000000e+00	0.0000000000e+00	0.0000000000e+00	1.0000000000e+00	
2.9472000000e-01	7.3288724017e-01	1.0487468351e+00	0.0000000000e+00	0.0000000000e+00	0.0000000000e+00	1.0000000000e+00	
3.0471000000e-01	7.3556807846e-01	1.0482575946e+00	0.0000000000e+00	0.0000000000e+00	0.0000000000e+00	1.0000000000e+00	
3.1504000000e-01	7.4587430325e-01	1.0463767566e+00	0.0000000000e+00	0.0000000000e+00	0.0000000000e+00	1.0000000000e+00	
3.2572000000e-01	7.5409284809e-01	1.0448769104e+00	0.0000000000e+00	0.0000000000e+00	0.0000000000e+00	1.0000000000e+00	
3.3676000000e-01	7.5344501381e-01	1.0449951371e+00	0.0000000000e+00	0.0000000000e+00	0.0000000000e+00	1.0000000000e+00	
3.4817000000e-01	7.4604359884e-01	1.0463458609e+00	0.0000000000e+00	0.0000000000e+00	0.0000000000e+00	1.0000000000e+00	
3.5997000000e-01	7.4028333850e-01	1.0473970816e+00	0.0000000000e+00	0.0000000000e+00	0.0000000000e+00	1.0000000000e+00	
3.7217000000e-01	7.4179578547e-01	1.0471210671e+00	0.0000000000e+00	0.0000000000e+00	0.0000000000e+00	1.0000000000e+00	
3.8479000000e-01	7.4750258616e-01	1.0460796025e+00	0.0000000000e+00	0.0000000000e+00	0.0000000000e+00	1.0000000000e+00	
3.9783000000e-01	7.5008784393e-01	1.0456078050e+00	0.0000000000e+00	0.0000000000e+00	0.0000000000e+00	1.0000000000e+00	
4.1132000000e-01	7.4725572345e-01	1.0461246538e+00	0.0000000000e+00	0.0000000000e+00	0.0000000000e+00	1.0000000000e+00	
4.2526000000e-01	7.4385021620e-01	1.0467461430e+00	0.0000000000e+00	0.0000000000e+00	0.0000000000e+00	1.0000000000e+00	
4.3967000000e-01	7.4446921348e-01	1.0466331789e+00	0.0000000000e+00	0.0000000000e+00	0.0000000000e+00	1.0000000000e+00	
4.5457000000e-01	7.4721185298e-01	1.0461326600e+00	0.0000000000e+00	0.0000000000e+00	0.0000000000e+00	1.0000000000e+00	
4.6998000000e-01	7.4761394138e-01	1.0460592807e+00	0.0000000000e+00	0.0000000000e+00	0.0000000000e+00	1.0000000000e+00	
4.8591000000e-01	7.4581794337e-01	1.0463870420e+00	0.0000000000e+00	0.0000000000e+00	0.0000000000e+00	1.0000000000e+00	
5.0238000000e-01	7.4531918888e-01	1.0464780624e+00	0.0000000000e+00	0.0000000000e+00	0.0000000000e+00	1.0000000000e+00	
5.1941000000e-01	7.4651576527e-01	1.0462596927e+00	0.0000000000e+00	0.0000000000e+00	0.0000000000e+00	1.0000000000e+00	
5.3702000000e-01	7.4684338505e-01	1.0461999037e+00	0.0000000000e+00	0.0000000000e+00	0.0000000000e+00	1.0000000000e+00	
5.5522000000e-01	7.4608360023e-01	1.0463385609e+00	0.0000000000e+00	0.0000000000e+00	0.0000000000e+00	1.0000000000e+00	
5.7404000000e-01	7.4604812239e-01	1.0463450354e+00	0.0000000000e+00	0.0000000000e+00	0.0000000000e+00	1.0000000000e+00	
5.9349000000e-01	7.4654023956e-01	1.0462552263e+00	0.0000000000e+00	0.0000000000e+00	0.0000000000e+00	1.0000000000e+00	
6.1361000000e-01	7.4642106846e-01	1.0462769745e+00	0.0000000000e+00	0.0000000000e+00	0.0000000000e+00	1.0000000000e+00	
6.3441000000e-01	7.4622421791e-01	1.0463128988e+00	0.0000000000e+00	0.0000000000e+00	0.0000000000e+00	1.0000000000e+00	
6.5591000000e-01	7.4641412923e-01	1.0462782408e+00	0.0000000000e+00	0.0000000000e+00	0.0000000000e+00	1.0000000000e+00	
6.7814000000e-01	7.4643670337e-01	1.0462741212e+00	0.0000000000e+00	0.0000000000e+00	0.0000000000e+00	1.0000000000e+00	
7.0113000000e-01	7.4635486011e-01	1.0462890572e+00	0.0000000000e+00	0.0000000000e+00	0.0000000000e+00	1.0000000000e+00	
7.2490000000e-01	7.4643050164e-01	1.0462752530e+00	0.0000000000e+00	0.0000000000e+00	0.0000000000e+00	1.0000000000e+00	
7.4947000000e-01	7.4643896056e-01	1.0462737092e+00	0.0000000000e+00	0.0000000000e+00	0.0000000000e+00	1.0000000000e+00	
7.7487000000e-01	7.4642300801e-01	1.0462766205e+00	0.0000000000e+00	0.0000000000e+00	0.0000000000e+00	1.0000000000e+00	
8.0113000000e-01	7.4645874842e-01	1.0462700981e+00	0.0000000000e+00	0.0000000000e+00	0.0000000000e+00	1.0000000000e+00	
8.2829000000e-01	7.4645802119e-01	1.0462702308e+00	0.0000000000e+00	0.0000000000e+00	0.0000000000e+00	1.0000000000e+00	
8.5636000000e-01	7.4647211817e-01	1.0462676581e+00	0.0000000000e+00	0.0000000000e+00	0.0000000000e+00	1.0000000000e+00	
8.8539000000e-01	7.4647835199e-01	1.0462665205e+00	0.0000000000e+00	0.0000000000e+00	0.0000000000e+00	1.0000000000e+00	
9.1540000000e-01	7.4649015153e-01	1.0462643671e+00	0.0000000000e+00	0.0000000000e+00	0.0000000000e+00	1.0000000000e+00	
9.4643000000e-01	7.4650085177e-01	1.0462624144e+00	0.0000000000e+00	0.0000000000e+00	0.0000000000e+00	1.0000000000e+00	
9.7851000000e-01	7.4650670181e-01	1.0462613468e+00	0.0000000000e+00	0.0000000000e+00	0.0000000000e+00	1.0000000000e+00	
1.0117000000e+00	7.4651653785e-01	1.0462595518e+00	0.0000000000e+00	0.0000000000e+00	0.0000000000e+00	1.0000000000e+00	
1.0460000000e+00	7.4652374470e-01	1.0462582365e+00	0.0000000000e+00	0.0000000000e+00	0.0000000000e+00	1.0000000000e+00	
1.0814000000e+00	7.4652802958e-01	1.0462574546e+00	0.0000000000e+00	0.0000000000e+00	0.0000000000e+00	1.0000000000e+00	
1.1181000000e+00	7.4653689740e-01	1.0462558362e+00	0.0000000000e+00	0.0000000000e+00	0.0000000000e+00	1.0000000000e+00	
1.1560000000e+00	7.4654376205e-01	1.0462545835e+00	0.0000000000e+00	0.0000000000e+00	0.0000000000e+00	1.0000000000e+00	
1.1952000000e+00	7.4655258246e-01	1.0462529738e+00	0.0000000000e+00	0.0000000000e+00	0.0000000000e+00	1.0000000000e+00	
1.2357000000e+00	7.4655905819e-01	1.0462517920e+00	0.0000000000e+00	0.0000000000e+00	0.0000000000e+00	1.0000000000e+00	
1.2775000000e+00	7.4656594261e-01	1.0462505356e+00	0.0000000000e+00	0.0000000000e+00	0.0000000000e+00	1.0000000000e+00	
1.3208000000e+00	7.4657136417e-01	1.0462495462e+00	0.0000000000e+00	0.0000000000e+00	0.0000000000e+00	1.0000000000e+00	
1.3656000000e+00	7.4657711132e-01	1.0462484974e+00	0.0000000000e+00	0.0000000000e+00	0.0000000000e+00	1.0000000000e+00	
1.4119000000e+00	7.4658361785e-01	1.0462473100e+00	0.0000000000e+00	0.0000000000e+00	0.0000000000e+00	1.0000000000e+00	
1.4598000000e+00	7.4658895541e-01	1.0462463359e+00	0.0000000000e+00	0.0000000000e+00	0.0000000000e+00	1.0000000000e+00	
1.5092000000e+00	7.4659535612e-01	1.0462451678e+00	0.0000000000e+00	0.0000000000e+00	0.0000000000e+00	1.0000000000e+00	
1.5604000000e+00	7.4659966058e-01	1.0462443822e+00	0.0000000000e+00	0.0000000000e+00	0.0000000000e+00	1.0000000000e+00	
1.6133000000e+00	7.4660537468e-01	1.0462433394e+00	0.0000000000e+00	0.0000000000e+00	0.0000000000e+00	1.0000000000e+00	
1.6680000000e+00	7.4661140988e-01	1.0462422380e+00	0.0000000000e+00	0.0000000000e+00	0.0000000000e+00	1.0000000000e+00	
1.7245000000e+00	7.4661539531e-01	1.0462415107e+00	0.0000000000e+00	0.0000000000e+00	0.0000000000e+00	1.0000000000e+00	
1.7830000000e+00	7.4661946500e-01	1.0462407680e+00	0.0000000000e+00	0.0000000000e+00	0.0000000000e+00	1.0000000000e+00	
1.8434000000e+00	7.4662545073e-01	1.0462396757e+00	0.0000000000e+00	0.0000000000e+00	0.0000000000e+00	1.0000000000e+00	
1.9059000000e+00	7.4662848714e-01	1.0462391215e+00	0.0000000000e+00	0.0000000000e+00	0.0000000000e+00	1.0000000000e+00	
1.9705000000e+00	7.4663418495e-01	1.0462380817e+00	0.0000000000e+00	0.0000000000e+00	0.0000000000e+00	1.0000000000e+00	
2.0373000000e+00	7.4663853936e-01	1.0462372870e+00	0.0000000000e+00	0.0000000000e+00	0.0000000000e+00	1.0000000000e+00	
2.1063000000e+00	7.4664150498e-01	1.0462367458e+00	0.0000000000e+00	0.0000000000e+00	0.0000000000e+00	1.0000000000e+00	
2.1777000000e+00	7.4664641361e-01	1.0462358500e+00	0.0000000000e+00	0.0000000000e+00	0.0000000000e+00	1.0000000000e+00	
2.2515000000e+00	7.4665110380e-01	1.0462349941e+00	0.0000000000e+00	0.0000000000e+00	0.0000000000e+00	1.0000000000e+00	
2.3278000000e+00	7.4665287153e-01	1.0462346715e+00	0.0000000000e+00	0.0000000000e+00	0.0000000000e+00	1.0000000000e+00	
2.4067000000e+00	7.4665900861e-01	1.0462335515e+00	0.0000000000e+00	0.0000000000e+00	0.0000000000e+00	1.0000000000e+00	
2.4883000000e+00	7.4666313544e-01	1.0462327984e+00	0.0000000000e+00	0.0000000000e+00	0.0000000000e+00	1.0000000000e+00	
2.5727000000e+00	7.4666225273e-01	1.0462329595e+00	0.0000000000e+00	0.0000000000e+00	0.0000000000e+00	1.0000000000e+00	
2.6599000000e+00	7.4666896471e-01	1.0462317346e+00	0.0000000000e+00	0.0000000000e+00	0.0000000000e+00	1.0000000000e+00	
2.7500000000e+00	7.4667285200e-01	1.0462310251e+00	0.0000000000e+00	0.0000000000e+00	0.0000000000e+00	1.0000000000e+00	
2.8432000000e+00	7.4667499957e-01	1.0462306332e+00	0.0000000000e+00	0.0000000000e+00	0.0000000000e+00	1.0000000000e+00	
2.9396000000e+00	7.4667744579e-01	1.0462301868e+00	0.0000000000e+00	0.0000000000e+00	0.0000000000e+00	1.0000000000e+00	
3.0392000000e+00	7.4668077528e-01	1.0462295792e+00	0.0000000000e+00	0.0000000000e+00	0.0000000000e+00	1.0000000000e+00	
3.1423000000e+00	7.4668221305e-01	1.0462293168e+00	0.0000000000e+00	0.0000000000e+00	0.0000000000e+00	1.0000000000e+00	
3.2488000000e+00	7.4668424828e-01	1.0462289454e+00	0.0000000000e+00	0.0000000000e+00	0.0000000000e+00	1.0000000000e+00	
3.3589000000e+00	7.4668843053e-01	1.0462281821e+00	0.0000000000e+00	0.0000000000e+00	0.0000000000e+00	1.0000000000e+00	
3.4727000000e+00	7.4669002484e-01	1.0462278912e+00	0.0000000000e+00	0.0000000000e+00	0.0000000000e+00	1.0000000000e+00	
3.5904000000e+00	7.4669105849e-01	1.0462277025e+00	0.0000000000e+00	0.0000000000e+00	0.0000000000e+00	1.0000000000e+00	
3.7121000000e+00	7.4669504877e-01	1.0462269743e+00	0.0000000000e+00	0.0000000000e+00	0.0000000000e+00	1.0000000000e+00	
3.8380000000e+00	7.4669408953e-01	1.0462271494e+00	0.0000000000e+00	0.0000000000e+00	0.0000000000e+00	1.0000000000e+00	
3.9680000000e+00	7.4669783854e-01	1.0462264652e+00	0.0000000000e+00	0.0000000000e+00	0.0000000000e+00	1.0000000000e+00	
4.1025000000e+00	7.4669715642e-01	1.0462265897e+00	0.0000000000e+00	0.0000000000e+00	0.0000000000e+00	1.0000000000e+00	
4.2416000000e+00	7.4669710355e-01	1.0462265994e+00	0.0000000000e+00	0.0000000000e+00	0.0000000000e+00	1.0000000000e+00	
4.3854000000e+00	7.4670317751e-01	1.0462254909e+00	0.0000000000e+00	0.0000000000e+00	0.0000000000e+00	1.0000000000e+00	
4.5340000000e+00	7.4670169927e-01	1.0462257607e+00	0.0000000000e+00	0.0000000000e+00	0.0000000000e+00	1.0000000000e+00	
4.6877000000e+00	7.4670248481e-01	1.0462256173e+00	0.0000000000e+00	0.0000000000e+00	0.0000000000e+00	1.0000000000e+00	
4.8466000000e+00	7.4670332634e-01	1.0462254637e+00	0.0000000000e+00	0.0000000000e+00	0.0000000000e+00	1.0000000000e+00	
5.0108000000e+00	7.4670379827e-01	1.0462253776e+00	0.0000000000e+00	0.0000000000e+00	0.0000000000e+00	1.0000000000e+00	
5.1807000000e+00	7.4670455183e-01	1.0462252401e+00	0.0000000000e+00	0.0000000000e+00	0.0000000000e+00	1.0000000000e+00	
5.3563000000e+00	7.4670463728e-01	1.0462252245e+00	0.0000000000e+00	0.0000000000e+00	0.0000000000e+00	1.0000000000e+00	
5.5378000000e+00	7.4670475389e-01	1.0462252032e+00	0.0000000000e+00	0.0000000000e+00	0.0000000000e+00	1.0000000000e+00	
5.7255000000e+00	7.4670400072e-01	1.0462253407e+00	0.0000000000e+00	0.0000000000e+00	0.0000000000e+00	1.0000000000e+00	
5.9196000000e+00	7.4670379526e-01	1.0462253781e+00	0.0000000000e+00	0.0000000000e+00	0.0000000000e+00	1.0000000000e+00	
6.1203000000e+00	7.4670435996e-01	1.0462252751e+00	0.0000000000e+00	0.0000000000e+00	0.0000000000e+00	1.0000000000e+00	
6.3277000000e+00	7.4670334601e-01	1.0462254601e+00	0.0000000000e+00	0.0000000000e+00	0.0000000000e+00	1.0000000000e+00	
6.5422000000e+00	7.4670009673e-01	1.0462260531e+00	0.0000000000e+00	0.0000000000e+00	0.0000000000e+00	1.0000000000e+00	
6.7639000000e+00	7.4669945343e-01	1.0462261705e+00	0.0000000000e+00	0.0000000000e+00	0.0000000000e+00	1.0000000000e+00	
6.9932000000e+00	7.4669982724e-01	1.0462261023e+00	0.0000000000e+00	0.0000000000e+00	0.0000000000e+00	1.0000000000e+00	
7.2302000000e+00	7.4669737898e-01	1.0462265491e+00	0.0000000000e+00	0.0000000000e+00	0.0000000000e+00	1.0000000000e+00	
7.4753000000e+00	7.4669563091e-01	1.0462268681e+00	0.0000000000e+00	0.0000000000e+00	0.0000000000e+00	1.0000000000e+00	
7.7287000000e+00	7.4669156835e-01	1.0462276095e+00	0.0000000000e+00	0.0000000000e+00	0.0000000000e+00	1.0000000000e+00	
7.9907000000e+00	7.4669006887e-01	1.0462278831e+00	0.0000000000e+00	0.0000000000e+00	0.0000000000e+00	1.0000000000e+00	
8.2615000000e+00	7.4668580265e-01	1.0462286617e+00	0.0000000000e+00	0.0000000000e+00	0.0000000000e+00	1.0000000000e+00	
8.5415000000e+00	7.4668221197e-01	1.0462293170e+00	0.0000000000e+00	0.0000000000e+00	0.0000000000e+00	1.0000000000e+00	
8.8310000000e+00	7.4667891937e-01	1.0462299179e+00	0.0000000000e+00	0.0000000000e+00	0.0000000000e+00	1.0000000000e+00	
9.1304000000e+00	7.4667178942e-01	1.0462312191e+00	0.0000000000e+00	0.0000000000e+00	0.0000000000e+00	1.0000000000e+00	
9.4398000000e+00	7.4666972192e-01	1.0462315964e+00	0.0000000000e+00	0.0000000000e+00	0.0000000000e+00	1.0000000000e+00	
9.7598000000e+00	7.4666280767e-01	1.0462328582e+00	0.0000000000e+00	0.0000000000e+00	0.0000000000e+00	1.0000000000e+00	
1.0091000000e+01	7.4665605566e-01	1.0462340904e+00	0.0000000000e+00	0.0000000000e+00	0.0000000000e+00	1.0000000000e+00	
1.0433000000e+01	7.4665002384e-01	1.0462351912e+00	0.0000000000e+00	0.0000000000e+00	0.0000000000e+00	1.0000000000e+00	
1.0786000000e+01	7.4663987754e-01	1.0462370428e+00	0.0000000000e+00	0.0000000000e+00	0.0000000000e+00	1.0000000000e+00	
1.1152000000e+01	7.4663654409e-01	1.0462376512e+00	0.0000000000e+00	0.0000000000e+00	0.0000000000e+00	1.0000000000e+00	
1.1530000000e+01	7.4662324695e-01	1.0462400778e+00	0.0000000000e+00	0.0000000000e+00	0.0000000000e+00	1.0000000000e+00	
1.1921000000e+01	7.4661864957e-01	1.0462409168e+00	0.0000000000e+00	0.0000000000e+00	0.0000000000e+00	1.0000000000e+00	
1.2325000000e+01	7.4660484572e-01	1.0462434360e+00	0.0000000000e+00	0.0000000000e+00	0.0000000000e+00	1.0000000000e+00	
1.2742000000e+01	7.4659414480e-01	1.0462453888e+00	0.0000000000e+00	0.0000000000e+00	0.0000000000e+00	1.0000000000e+00	
1.3174000000e+01	7.4658450015e-01	1.0462471489e+00	0.0000000000e+00	0.0000000000e+00	0.0000000000e+00	1.0000000000e+00	
1.3621000000e+01	7.4656672642e-01	1.0462503926e+00	0.0000000000e+00	0.0000000000e+00	0.0000000000e+00	1.0000000000e+00	
1.4083000000e+01	7.4655547275e-01	1.0462524463e+00	0.0000000000e+00	0.0000000000e+00	0.0000000000e+00	1.0000000000e+00	
1.4560000000e+01	7.4654176879e-01	1.0462549472e+00	0.0000000000e+00	0.0000000000e+00	0.0000000000e+00	1.0000000000e+00	
1.5053000000e+01	7.4652815935e-01	1.0462574309e+00	0.0000000000e+00	0.0000000000e+00	0.0000000000e+00	1.0000000000e+00	
1.5564000000e+01	7.4650753226e-01	1.0462611952e+00	0.0000000000e+00	0.0000000000e+00	0.0000000000e+00	1.0000000000e+00	
1.6091000000e+01	7.4648715784e-01	1.0462649135e+00	0.0000000000e+00	0.0000000000e+00	0.0000000000e+00	1.0000000000e+00	
1.6637000000e+01	7.4647010945e-01	1.0462680247e+00	0.0000000000e+00	0.0000000000e+00	0.0000000000e+00	1.0000000000e+00	
1.7201000000e+01	7.4644823932e-01	1.0462720159e+00	0.0000000000e+00	0.0000000000e+00	0.0000000000e+00	1.0000000000e+00	
1.7784000000e+01	7.4642536299e-01	1.0462761907e+00	0.0000000000e+00	0.0000000000e+00	0.0000000000e+00	1.0000000000e+00	
1.8386000000e+01	7.4640007724e-01	1.0462808053e+00	0.0000000000e+00	0.0000000000e+00	0.0000000000e+00	1.0000000000e+00	
1.9009000000e+01	7.4637423515e-01	1.0462855213e+00	0.0000000000e+00	0.0000000000e+00	0.0000000000e+00	1.0000000000e+00	
1.9654000000e+01	7.4634510947e-01	1.0462908366e+00	0.0000000000e+00	0.0000000000e+00	0.0000000000e+00	1.0000000000e+00	
2.0320000000e+01	7.4631469954e-01	1.0462963863e+00	0.0000000000e+00	0.0000000000e+00	0.0000000000e+00	1.0000000000e+00	
2.1009000000e+01	7.4628105033e-01	1.0463025271e+00	0.0000000000e+00	0.0000000000e+00	0.0000000000e+00	1.0000000000e+00	
2.1721000000e+01	7.4624522621e-01	1.0463090649e+00	0.0000000000e+00	0.0000000000e+00	0.0000000000e+00	1.0000000000e+00	
2.2457000000e+01	7.4620884136e-01	1.0463157049e+00	0.0000000000e+00	0.0000000000e+00	0.0000000000e+00	1.0000000000e+00	
2.3218000000e+01	7.4616755497e-01	1.0463232395e+00	0.0000000000e+00	0.0000000000e+00	0.0000000000e+00	1.0000000000e+00	
2.4005000000e+01	7.4612481853e-01	1.0463310387e+00	0.0000000000e+00	0.0000000000e+00	0.0000000000e+00	1.0000000000e+00	
2.4819000000e+01	7.4607836980e-01	1.0463395154e+00	0.0000000000e+00	0.0000000000e+00	0.0000000000e+00	1.0000000000e+00	
2.5660000000e+01	7.4602835184e-01	1.0463486434e+00	0.0000000000e+00	0.0000000000e+00	0.0000000000e+00	1.0000000000e+00	
2.6530000000e+01	7.4597405372e-01	1.0463585526e+00	0.0000000000e+00	0.0000000000e+00	0.0000000000e+00	1.0000000000e+00	
2.7429000000e+01	7.4591697617e-01	1.0463689690e+00	0.0000000000e+00	0.0000000000e+00	0.0000000000e+00	1.0000000000e+00	
2.8359000000e+01	7.4585588192e-01	1.0463801184e+00	0.0000000000e+00	0.0000000000e+00	0.0000000000e+00	1.0000000000e+00	
2.9320000000e+01	7.4579038197e-01	1.0463920718e+00	0.0000000000e+00	0.0000000000e+00	0.0000000000e+00	1.0000000000e+00	
3.0314000000e+01	7.4571963937e-01	1.0464049820e+00	0.0000000000e+00	0.0000000000e+00	0.0000000000e+00	1.0000000000e+00	
3.1341000000e+01	7.4564565654e-01	1.0464184835e+00	0.0000000000e+00	0.0000000000e+00	0.0000000000e+00	1.0000000000e+00	
3.2404000000e+01	7.4556514707e-01	1.0464331761e+00	0.0000000000e+00	0.0000000000e+00	0.0000000000e+00	1.0000000000e+00	
3.3502000000e+01	7.4547832889e-01	1.0464490201e+00	0.0000000000e+00	0.0000000000e+00	0.0000000000e+00	1.0000000000e+00	
3.4638000000e+01	7.4538765453e-01	1.0464655677e+00	0.0000000000e+00	0.0000000000e+00	0.0000000000e+00	1.0000000000e+00	
3.5812000000e+01	7.4528757562e-01	1.0464838316e+00	0.0000000000e+00	0.0000000000e+00	0.0000000000e+00	1.0000000000e+00	
3.7025000000e+01	7.4518331679e-01	1.0465028584e+00	0.0000000000e+00	0.0000000000e+00	0.0000000000e+00	1.0000000000e+00	
3.8280000000e+01	7.4506744052e-01	1.0465240053e+00	0.0000000000e+00	0.0000000000e+00	0.0000000000e+00	1.0000000000e+00	
3.9578000000e+01	7.4494895082e-01	1.0465456291e+00	0.0000000000e+00	0.0000000000e+00	0.0000000000e+00	1.0000000000e+00	
4.0919000000e+01	7.4482474361e-01	1.0465682963e+00	0.0000000000e+00	0.0000000000e+00	0.0000000000e+00	1.0000000000e+00	
4.2306000000e+01	7.4468432157e-01	1.0465939227e+00	0.0000000000e+00	0.0000000000e+00	0.0000000000e+00	1.0000000000e+00	
4.3740000000e+01	7.4453490228e-01	1.0466211910e+00	0.0000000000e+00	0.0000000000e+00	0.0000000000e+00	1.0000000000e+00	
4.5223000000e+01	7.4437670659e-01	1.0466500610e+00	0.0000000000e+00	0.0000000000e+00	0.0000000000e+00	1.0000000000e+00	
4.6756000000e+01	7.4421008237e-01	1.0466804691e+00	0.0000000000e+00	0.0000000000e+00	0.0000000000e+00	1.0000000000e+00	
4.8341000000e+01	7.4403266079e-01	1.0467128478e+00	0.0000000000e+00	0.0000000000e+00	0.0000000000e+00	1.0000000000e+00	
4.9979000000e+01	7.4383692660e-01	1.0467485683e+00	0.0000000000e+00	0.0000000000e+00	0.0000000000e+00	1.0000000000e+00	
5.1673000000e+01	7.4363473845e-01	1.0467854667e+00	0.0000000000e+00	0.0000000000e+00	0.0000000000e+00	1.0000000000e+00	
