1.000000000000000000e+02 -1.000000000000000000e+00 5.716424768588883154e+01
9.954008287621523721e+01 -1.000000000000000000e+00 5.676663474463548908e+01
9.908228099003797240e+01 -1.000000000000000000e+00 5.637180390556098075e+01
9.862658461312820180e+01 -1.000000000000000000e+00 5.597973551791687186e+01
9.817298406188835713e+01 -1.000000000000000000e+00 5.559041007142876367e+01
9.772146969725724830e+01 -1.000000000000000000e+00 5.520380819721027166e+01
9.727203192450542701e+01 -1.000000000000000000e+00 5.481991066117892331e+01
9.682466119303123264e+01 -1.000000000000000000e+00 5.443869837284735524e+01
9.637934799615786119e+01 -1.000000000000000000e+00 5.406015237235889970e+01
9.593608287093141485e+01 -1.000000000000000000e+00 5.368425384139631262e+01
9.549485639791966207e+01 -1.000000000000000000e+00 5.331098409172179942e+01
9.505565920101196298e+01 -1.000000000000000000e+00 5.294032457160896143e+01
9.461848194721997629e+01 -1.000000000000000000e+00 5.257225686056368374e+01
9.418331534647951742e+01 -1.000000000000000000e+00 5.220676267213571720e+01
9.375015015145284281e+01 -1.000000000000000000e+00 5.184382384779412689e+01
9.331897715733238385e+01 -1.000000000000000000e+00 5.148342236058180532e+01
9.288978720164502079e+01 -1.000000000000000000e+00 5.112554031262379084e+01
9.246257116405737975e+01 -1.000000000000000000e+00 5.077015993448373621e+01
9.203731996618220990e+01 -1.000000000000000000e+00 5.041726358232971705e+01
9.161402457138515842e+01 -1.000000000000000000e+00 5.006683374044700230e+01
9.119267598459298085e+01 -1.000000000000000000e+00 4.971885301411853675e+01
9.077326525210227715e+01 -1.000000000000000000e+00 4.937330414104685872e+01
9.035578346138925099e+01 -1.000000000000000000e+00 4.903016997349828898e+01
8.994022174092043542e+01 -1.000000000000000000e+00 4.868943348972779006e+01
8.952657125996395848e+01 -1.000000000000000000e+00 4.835107779314597565e+01
8.911482322840201675e+01 -1.000000000000000000e+00 4.801508610374035158e+01
8.870496889654407369e+01 -1.000000000000000000e+00 4.768144176091717412e+01
8.829699955494086794e+01 -1.000000000000000000e+00 4.735012822525384024e+01
8.789090653419954435e+01 -1.000000000000000000e+00 4.702112907481522086e+01
8.748668120479909760e+01 -1.000000000000000000e+00 4.669442800460630849e+01
8.708431497690723688e+01 -1.000000000000000000e+00 4.637000882871393515e+01
8.668379930019779067e+01 -1.000000000000000000e+00 4.604785547028276227e+01
8.628512566366890724e+01 -1.000000000000000000e+00 4.572795197261529410e+01
8.588828559546249153e+01 -1.000000000000000000e+00 4.541028249478238621e+01
8.549327066268379838e+01 -1.000000000000000000e+00 4.509483129910735499e+01
8.510007247122246099e+01 -1.000000000000000000e+00 4.478158277323638004e+01
8.470868266557407367e+01 -1.000000000000000000e+00 4.447052140630810158e+01
8.431909292866255612e+01 -1.000000000000000000e+00 4.416163180125298027e+01
8.393129498166364044e+01 -1.000000000000000000e+00 4.385489867206360515e+01
8.354528058382867073e+01 -1.000000000000000000e+00 4.355030683938234404e+01
8.316104153230961060e+01 -1.000000000000000000e+00 4.324784123552906578e+01
8.277856966198476130e+01 -1.000000000000000000e+00 4.294748689463863656e+01
8.239785684528514764e+01 -1.000000000000000000e+00 4.264922896312012313e+01
8.201889499202202671e+01 -1.000000000000000000e+00 4.235305269112137694e+01
8.164167604921468069e+01 -1.000000000000000000e+00 4.205894343333680752e+01
8.126619200091946027e+01 -1.000000000000000000e+00 4.176688664723298672e+01
8.089243486805942496e+01 -1.000000000000000000e+00 4.147686789901795379e+01
8.052039670825473650e+01 -1.000000000000000000e+00 4.118887285223115668e+01
8.015006961565404708e+01 -1.000000000000000000e+00 4.090288727584731987e+01
7.978144572076624286e+01 -1.000000000000000000e+00 4.061889703751964475e+01
7.941451719029339529e+01 -1.000000000000000000e+00 4.033688810930014057e+01
7.904927622696423839e+01 -1.000000000000000000e+00 4.005684655935277050e+01
7.868571506936847015e+01 -1.000000000000000000e+00 3.977875855787385717e+01
7.832382599179196347e+01 -1.000000000000000000e+00 3.950261036938417902e+01
7.796360130405233235e+01 -1.000000000000000000e+00 3.922838836242994631e+01
7.760503335133570602e+01 -1.000000000000000000e+00 3.895607899593368018e+01
7.724811451403404305e+01 -1.000000000000000000e+00 3.868566882881435731e+01
7.689283720758309926e+01 -1.000000000000000000e+00 3.841714451615116133e+01
7.653919388230147547e+01 -1.000000000000000000e+00 3.815049280606846338e+01
7.618717702322994967e+01 -1.000000000000000000e+00 3.788570054107596974e+01
7.583677914997190328e+01 -1.000000000000000000e+00 3.762275465800310315e+01
7.548799281653435855e+01 -1.000000000000000000e+00 3.736164218710566587e+01
7.514081061116965543e+01 -1.000000000000000000e+00 3.710235024897188083e+01
7.479522515621820844e+01 -1.000000000000000000e+00 3.684486605738207032e+01
7.445122910795139148e+01 -1.000000000000000000e+00 3.658917691398570327e+01
7.410881515641570161e+01 -1.000000000000000000e+00 3.633527021637141985e+01
7.376797602527734909e+01 -1.000000000000000000e+00 3.608313344678541057e+01
7.342870447166761494e+01 -1.000000000000000000e+00 3.583275417797015194e+01
7.309099328602910361e+01 -1.000000000000000000e+00 3.558412007005570388e+01
7.275483529196229426e+01 -1.000000000000000000e+00 3.533721887197356182e+01
7.242022334607315770e+01 -1.000000000000000000e+00 3.509203842055725886e+01
7.208715033782135606e+01 -1.000000000000000000e+00 3.484856663524448095e+01
7.175560918936925248e+01 -1.000000000000000000e+00 3.460679152612235043e+01
7.142559285543126180e+01 -1.000000000000000000e+00 3.436670118493600512e+01
7.109709432312435240e+01 -1.000000000000000000e+00 3.412828378790131012e+01
7.077010661181888906e+01 -1.000000000000000000e+00 3.389152759784264646e+01
7.044462277299037112e+01 -1.000000000000000000e+00 3.365642095812149392e+01
7.012063589007181008e+01 -1.000000000000000000e+00 3.342295229479172036e+01
6.979813907830660469e+01 -1.000000000000000000e+00 3.319111012091777724e+01
6.947712548460236803e+01 -1.000000000000000000e+00 3.296088302161983563e+01
6.915758828738525210e+01 -1.000000000000000000e+00 3.273225967394573388e+01
6.883952069645496863e+01 -1.000000000000000000e+00 3.250522882762321331e+01
6.852291595284060577e+01 -1.000000000000000000e+00 3.227977931295487224e+01
6.820776732865685688e+01 -1.000000000000000000e+00 3.205590004296944073e+01
6.789406812696108773e+01 -1.000000000000000000e+00 3.183358000593285553e+01
6.758181168161110008e+01 -1.000000000000000000e+00 3.161280826824007306e+01
6.727099135712336420e+01 -1.000000000000000000e+00 3.139357397862970700e+01
6.696160054853218924e+01 -1.000000000000000000e+00 3.117586635490926739e+01
6.665363268124913532e+01 -1.000000000000000000e+00 3.095967469694139140e+01
6.634708121092347710e+01 -1.000000000000000000e+00 3.074498838021772684e+01
6.604193962330305112e+01 -1.000000000000000000e+00 3.053179685164966983e+01
6.573820143409585626e+01 -1.000000000000000000e+00 3.032008963648462796e+01
6.543586018883232214e+01 -1.000000000000000000e+00 3.010985633426007979e+01
6.513490946272803228e+01 -1.000000000000000000e+00 2.990108661432526915e+01
6.483534286054724305e+01 -1.000000000000000000e+00 2.969377022320103876e+01
6.453715401646701366e+01 -1.000000000000000000e+00 2.948789697841809243e+01
6.424033659394190465e+01 -1.000000000000000000e+00 2.928345676795292718e+01
6.394488428556940107e+01 -1.000000000000000000e+00 2.908043955565773331e+01
6.365079081295571228e+01 -1.000000000000000000e+00 2.887883537323748229e+01
6.335804992658250967e+01 -1.000000000000000000e+00 2.867863432246884159e+01
6.306665540567405515e+01 -1.000000000000000000e+00 2.847982657703935416e+01
6.277660105806499757e+01 -1.000000000000000000e+00 2.828240237822930681e+01
6.248788072006890815e+01 -1.000000000000000000e+00 2.808635203998122876e+01
6.220048825634711420e+01 -1.000000000000000000e+00 2.789166593973745023e+01
6.191441755977844252e+01 -1.000000000000000000e+00 2.769833452525667283e+01
6.162966255132942450e+01 -1.000000000000000000e+00 2.750634831343920794e+01
6.134621717992506262e+01 -1.000000000000000000e+00 2.731569788551073330e+01
6.106407542232039276e+01 -1.000000000000000000e+00 2.712637389233240626e+01
6.078323128297230227e+01 -1.000000000000000000e+00 2.693836704811143434e+01
6.050367879391221493e+01 -1.000000000000000000e+00 2.675166813434770319e+01
6.022541201461928040e+01 -1.000000000000000000e+00 2.656626799557468033e+01
5.994842503189408944e+01 -1.000000000000000000e+00 2.638215754425996806e+01
5.967271195973313525e+01 -1.000000000000000000e+00 2.619932775425647975e+01
5.939826693920356604e+01 -1.000000000000000000e+00 2.601776966486421472e+01
5.912508413831878329e+01 -1.000000000000000000e+00 2.583747437660734647e+01
5.885315775191450172e+01 -1.000000000000000000e+00 2.565843305612026626e+01
5.858248200152535645e+01 -1.000000000000000000e+00 2.548063693010171704e+01
5.831305113526221362e+01 -1.000000000000000000e+00 2.530407728820639335e+01
5.804485942768977935e+01 -1.000000000000000000e+00 2.512874548035198430e+01
5.777790117970504014e+01 -1.000000000000000000e+00 2.495463291740605172e+01
5.751217071841613659e+01 -1.000000000000000000e+00 2.478173107462630043e+01
5.724766239702178439e+01 -1.000000000000000000e+00 2.461003148265458407e+01
5.698437059469139143e+01 -1.000000000000000000e+00 2.443952573367038639e+01
5.672228971644543805e+01 -1.000000000000000000e+00 2.427020548084209395e+01
5.646141419303669551e+01 -1.000000000000000000e+00 2.410206243185199071e+01
5.620173848083187806e+01 -1.000000000000000000e+00 2.393508835930207468e+01
5.594325706169377810e+01 -1.000000000000000000e+00 2.376927508995452598e+01
5.568596444286411895e+01 -1.000000000000000000e+00 2.360461450594810984e+01
5.542985515684669195e+01 -1.000000000000000000e+00 2.344109855153400090e+01
5.517492376129126086e+01 -1.000000000000000000e+00 2.327871922533825000e+01
5.492116483887789258e+01 -1.000000000000000000e+00 2.311746858284614703e+01
5.466857299720180663e+01 -1.000000000000000000e+00 2.295733873504076428e+01
5.441714286865889960e+01 -1.000000000000000000e+00 2.279832184898758030e+01
5.416686911033151830e+01 -1.000000000000000000e+00 2.264041014772817206e+01
5.391774640387502870e+01 -1.000000000000000000e+00 2.248359590664182761e+01
5.366976945540476152e+01 -1.000000000000000000e+00 2.232787145905316706e+01
5.342293299538351903e+01 -1.000000000000000000e+00 2.217322918963083112e+01
5.317723177850969307e+01 -1.000000000000000000e+00 2.201966153746807464e+01
5.293266058360561033e+01 -1.000000000000000000e+00 2.186716099662547208e+01
5.268921421350674450e+01 -1.000000000000000000e+00 2.171572010996061053e+01
5.244688749495116298e+01 -1.000000000000000000e+00 2.156533147813993168e+01
5.220567527846975509e+01 -1.000000000000000000e+00 2.141598774876349864e+01
5.196557243827660244e+01 -1.000000000000000000e+00 2.126768162436992071e+01
5.172657387216018776e+01 -1.000000000000000000e+00 2.112040585913610968e+01
5.148867450137495183e+01 -1.000000000000000000e+00 2.097415325756920623e+01
5.125186927053329811e+01 -1.000000000000000000e+00 2.082891667383156076e+01
5.101615314749833630e+01 -1.000000000000000000e+00 2.068468901386474457e+01
5.078152112327673251e+01 -1.000000000000000000e+00 2.054146323217608128e+01
5.054796821191240497e+01 -1.000000000000000000e+00 2.039923233342912212e+01
5.031548945038053944e+01 -1.000000000000000000e+00 2.025798937290292656e+01
5.008407989848210207e+01 -1.000000000000000000e+00 2.011772745223678172e+01
4.985373463873893485e+01 -1.000000000000000000e+00 1.997843972417568992e+01
4.962444877628915663e+01 -1.000000000000000000e+00 1.984011938923716656e+01
4.939621743878320359e+01 -1.000000000000000000e+00 1.970275969142101502e+01
4.916903577628028899e+01 -1.000000000000000000e+00 1.956635393102807186e+01
4.894289896114528915e+01 -1.000000000000000000e+00 1.943089544487916243e+01
4.871780218794631168e+01 -1.000000000000000000e+00 1.929637762625319297e+01
4.849374067335235594e+01 -1.000000000000000000e+00 1.916279391020858469e+01
4.827070965603183339e+01 -1.000000000000000000e+00 1.903013777680331486e+01
4.804870439655131520e+01 -1.000000000000000000e+00 1.889840275342235643e+01
4.782772017727482705e+01 -1.000000000000000000e+00 1.876758241560003171e+01
4.760775230226368393e+01 -1.000000000000000000e+00 1.863767038161899947e+01
4.738879609717653807e+01 -1.000000000000000000e+00 1.850866031153301350e+01
4.717084690917017298e+01 -1.000000000000000000e+00 1.838054591725097708e+01
4.695390010680060300e+01 -1.000000000000000000e+00 1.825332094758114820e+01
4.673795107992461340e+01 -1.000000000000000000e+00 1.812697919977718541e+01
4.652299523960189020e+01 -1.000000000000000000e+00 1.800151451325350038e+01
4.630902801799739166e+01 -1.000000000000000000e+00 1.787692077186556716e+01
4.609604486828433778e+01 -1.000000000000000000e+00 1.775319190152115922e+01
4.588404126454759080e+01 -1.000000000000000000e+00 1.763032186831239656e+01
4.567301270168744765e+01 -1.000000000000000000e+00 1.750830468466547885e+01
4.546295469532399380e+01 -1.000000000000000000e+00 1.738713440489557627e+01
4.525386278170169163e+01 -1.000000000000000000e+00 1.726680512127114042e+01
4.504573251759458685e+01 -1.000000000000000000e+00 1.714731097130704640e+01
4.483855948021188453e+01 -1.000000000000000000e+00 1.702864613482557843e+01
4.463233926710395139e+01 -1.000000000000000000e+00 1.691080482646381355e+01
4.442706749606882966e+01 -1.000000000000000000e+00 1.679378130684895609e+01
4.422273980505899260e+01 -1.000000000000000000e+00 1.667756987486591669e+01
4.401935185208874657e+01 -1.000000000000000000e+00 1.656216486966740220e+01
4.381689931514192438e+01 -1.000000000000000000e+00 1.644756067211133299e+01
4.361537789208003346e+01 -1.000000000000000000e+00 1.633375169725873022e+01
4.341478330055092272e+01 -1.000000000000000000e+00 1.622073240624436963e+01
4.321511127789764117e+01 -1.000000000000000000e+00 1.610849729542762176e+01
4.301635758106795038e+01 -1.000000000000000000e+00 1.599704089707282151e+01
4.281851798652413521e+01 -1.000000000000000000e+00 1.588635778843950952e+01
4.262158829015322681e+01 -1.000000000000000000e+00 1.577644257943286377e+01
4.242556430717777260e+01 -1.000000000000000000e+00 1.566728991814398775e+01
4.223044187206674138e+01 -1.000000000000000000e+00 1.555889449415121639e+01
4.203621683844713885e+01 -1.000000000000000000e+00 1.545125103139071143e+01
4.184288507901582221e+01 -1.000000000000000000e+00 1.534435428998043704e+01
4.165044248545182626e+01 -1.000000000000000000e+00 1.523819906894242671e+01
4.145888496832910874e+01 -1.000000000000000000e+00 1.513278020283347658e+01
4.126820845702953733e+01 -1.000000000000000000e+00 1.502809256148246675e+01
4.107840889965646625e+01 -1.000000000000000000e+00 1.492413105181644717e+01
4.088948226294862565e+01 -1.000000000000000000e+00 1.482089061821070608e+01
4.070142453219436618e+01 -1.000000000000000000e+00 1.471836623717942594e+01
4.051423171114647204e+01 -1.000000000000000000e+00 1.461655292214791046e+01
4.032789982193707345e+01 -1.000000000000000000e+00 1.451544572116992882e+01
4.014242490499322003e+01 -1.000000000000000000e+00 1.441503971747510349e+01
3.995780301895269560e+01 -1.000000000000000000e+00 1.431533002813722888e+01
3.977403024058034475e+01 -1.000000000000000000e+00 1.421631180457250743e+01
3.959110266468458406e+01 -1.000000000000000000e+00 1.411798023288106130e+01
3.940901640403449591e+01 -1.000000000000000000e+00 1.402033053227896708e+01
3.922776758927719243e+01 -1.000000000000000000e+00 1.392335795529656828e+01
3.904735236885559857e+01 -1.000000000000000000e+00 1.382705778788316842e+01
3.886776690892665442e+01 -1.000000000000000000e+00 1.373142534968536843e+01
3.868900739327975202e+01 -1.000000000000000000e+00 1.363645599240015116e+01
3.851107002325570505e+01 -1.000000000000000000e+00 1.354214510026963580e+01
3.833395101766601698e+01 -1.000000000000000000e+00 1.344848809012331969e+01
3.815764661271248315e+01 -1.000000000000000000e+00 1.335548041141178466e+01
3.798215306190733997e+01 -1.000000000000000000e+00 1.326311754472857629e+01
3.780746663599349233e+01 -1.000000000000000000e+00 1.317139500238073602e+01
3.763358362286534486e+01 -1.000000000000000000e+00 1.308030832834566048e+01
3.746050032748993175e+01 -1.000000000000000000e+00 1.298985309800600341e+01
3.728821307182833777e+01 -1.000000000000000000e+00 1.290002491646562000e+01
3.711671819475765233e+01 -1.000000000000000000e+00 1.281081942171896948e+01
3.694601205199302285e+01 -1.000000000000000000e+00 1.272223228072950896e+01
3.677609101601032648e+01 -1.000000000000000000e+00 1.263425919133301534e+01
3.660695147596902643e+01 -1.000000000000000000e+00 1.254689588137280509e+01
3.643858983763544757e+01 -1.000000000000000000e+00 1.246013810829120061e+01
3.627100252330646413e+01 -1.000000000000000000e+00 1.237398166041682757e+01
3.610418597173337218e+01 -1.000000000000000000e+00 1.228842235361114632e+01
3.593813663804627367e+01 -1.000000000000000000e+00 1.220345603504081211e+01
3.577285099367873755e+01 -1.000000000000000000e+00 1.211907857933272936e+01
3.560832552629278069e+01 -1.000000000000000000e+00 1.203528589137247629e+01
3.544455673970433907e+01 -1.000000000000000000e+00 1.195207390314322282e+01
3.528154115380883127e+01 -1.000000000000000000e+00 1.186943857656849666e+01
3.511927530450729762e+01 -1.000000000000000000e+00 1.178737590095838073e+01
3.495775574363275240e+01 -1.000000000000000000e+00 1.170588189416769254e+01
3.479697903887691268e+01 -1.000000000000000000e+00 1.162495260148788034e+01
3.463694177371732508e+01 -1.000000000000000000e+00 1.154458409582023037e+01
3.447764054734464167e+01 -1.000000000000000000e+00 1.146477247849184700e+01
3.431907197459044312e+01 -1.000000000000000000e+00 1.138551387611822285e+01
3.416123268585528194e+01 -1.000000000000000000e+00 1.130680444501815352e+01
3.400411932703705986e+01 -1.000000000000000000e+00 1.122864036628278051e+01
3.384772855945981007e+01 -1.000000000000000000e+00 1.115101784883498581e+01
3.369205705980267140e+01 -1.000000000000000000e+00 1.107393312700726717e+01
3.353710152002930300e+01 -1.000000000000000000e+00 1.099738246313472700e+01
3.338285864731761166e+01 -1.000000000000000000e+00 1.092136214424832907e+01
3.322932516398971359e+01 -1.000000000000000000e+00 1.084586848382746638e+01
3.307649780744240786e+01 -1.000000000000000000e+00 1.077089782140611796e+01
3.292437333007768530e+01 -1.000000000000000000e+00 1.069644652127181494e+01
3.277294849923383424e+01 -1.000000000000000000e+00 1.062251097448460868e+01
3.262222009711669557e+01 -1.000000000000000000e+00 1.054908759579518396e+01
3.247218492073128715e+01 -1.000000000000000000e+00 1.047617282597610711e+01
3.232283978181379069e+01 -1.000000000000000000e+00 1.040376313059089952e+01
3.217418150676371624e+01 -1.000000000000000000e+00 1.033185499973696508e+01
3.202620693657652140e+01 -1.000000000000000000e+00 1.026044494794095030e+01
3.187891292677645794e+01 -1.000000000000000000e+00 1.018952951442101273e+01
3.173229634734976301e+01 -1.000000000000000000e+00 1.011910526242400010e+01
3.158635408267817368e+01 -1.000000000000000000e+00 1.004916877826962285e+01
3.144108303147264749e+01 -1.000000000000000000e+00 9.979716674492093986e+00
3.129648010670752001e+01 -1.000000000000000000e+00 9.910745583976453332e+00
3.115254223555487911e+01 -1.000000000000000000e+00 9.842252166380843548e+00
3.100926635931926612e+01 -1.000000000000000000e+00 9.774233103116850785e+00
3.086664943337272859e+01 -1.000000000000000000e+00 9.706685098373526444e+00
3.072468842709003667e+01 -1.000000000000000000e+00 9.639604879941218840e+00
3.058338032378433269e+01 -1.000000000000000000e+00 9.572989198527682930e+00
3.044272212064302607e+01 -1.000000000000000000e+00 9.506834827727001169e+00
3.030271082866396171e+01 -1.000000000000000000e+00 9.441138563246060045e+00
3.016334347259195781e+01 -1.000000000000000000e+00 9.375897223025045690e+00
3.002461709085549302e+01 -1.000000000000000000e+00 9.311107647973198453e+00
2.988652873550384115e+01 -1.000000000000000000e+00 9.246766699814061852e+00
2.974907547214440484e+01 -1.000000000000000000e+00 9.182871263962223196e+00
2.961225437988034415e+01 -1.000000000000000000e+00 9.119418245511617727e+00
2.947606255124857100e+01 -1.000000000000000000e+00 9.056404572905949024e+00
2.934049709215787161e+01 -1.000000000000000000e+00 8.993827194827753502e+00
2.920555512182746583e+01 -1.000000000000000000e+00 8.931683082024738596e+00
2.907123377272576903e+01 -1.000000000000000000e+00 8.869969226070097079e+00
2.893753019050950215e+01 -1.000000000000000000e+00 8.808682639471712150e+00
2.880444153396296514e+01 -1.000000000000000000e+00 8.747820356114827334e+00
2.867196497493769769e+01 -1.000000000000000000e+00 8.687379429564845879e+00
2.854009769829238863e+01 -1.000000000000000000e+00 8.627356935016116779e+00
2.840883690183302690e+01 -1.000000000000000000e+00 8.567749966993343236e+00
2.827817979625341138e+01 -1.000000000000000000e+00 8.508555641598936958e+00
2.814812360507579925e+01 -1.000000000000000000e+00 8.449771093760979568e+00
2.801866556459195223e+01 -1.000000000000000000e+00 8.391393479178667292e+00
2.788980292380441028e+01 -1.000000000000000000e+00 8.333419973537601777e+00
2.776153294436799612e+01 -1.000000000000000000e+00 8.275847771734236247e+00
2.763385290053169996e+01 -1.000000000000000000e+00 8.218674087706151710e+00
2.750676007908066012e+01 -1.000000000000000000e+00 8.161896156495577870e+00
2.738025177927857712e+01 -1.000000000000000000e+00 8.105511230939240974e+00
2.725432531281029114e+01 -1.000000000000000000e+00 8.049516583286425941e+00
2.712897800372465795e+01 -1.000000000000000000e+00 7.993909505465977006e+00
2.700420718837772682e+01 -1.000000000000000000e+00 7.938687308168966617e+00
2.688001021537606050e+01 -1.000000000000000000e+00 7.883847319641541063e+00
2.675638444552045314e+01 -1.000000000000000000e+00 7.829386887883413415e+00
2.663332725174982230e+01 -1.000000000000000000e+00 7.775303380012490884e+00
2.651083601908537446e+01 -1.000000000000000000e+00 7.721594179891404508e+00
2.638890814457510459e+01 -1.000000000000000000e+00 7.668256690322682090e+00
2.626754103723837019e+01 -1.000000000000000000e+00 7.615288332990337139e+00
2.614673211801092023e+01 -1.000000000000000000e+00 7.562686546123068787e+00
2.602647881969005894e+01 -1.000000000000000000e+00 7.510448786484659855e+00
2.590677858688007618e+01 -1.000000000000000000e+00 7.458572529228432835e+00
2.578762887593800812e+01 -1.000000000000000000e+00 7.407055266103492741e+00
2.566902715491950460e+01 -1.000000000000000000e+00 7.355894506745272565e+00
2.555097090352506939e+01 -1.000000000000000000e+00 7.305087777921551506e+00
2.543345761304649599e+01 -1.000000000000000000e+00 7.254632624517056705e+00
2.531648478631354138e+01 -1.000000000000000000e+00 7.204526607197338173e+00
2.520004993764092305e+01 -1.000000000000000000e+00 7.154767304123464733e+00
2.508415059277539783e+01 -1.000000000000000000e+00 7.105352311184449654e+00
2.496878428884326695e+01 -1.000000000000000000e+00 7.056279239838121775e+00
2.485394857429799842e+01 -1.000000000000000000e+00 7.007545718797302037e+00
2.473964100886813000e+01 -1.000000000000000000e+00 6.959149392881267993e+00
2.462585916350546711e+01 -1.000000000000000000e+00 6.911087923945967937e+00
2.451260062033338727e+01 -1.000000000000000000e+00 6.863358990156885220e+00
2.439986297259550341e+01 -1.000000000000000000e+00 6.815960284288684612e+00
2.428764382460451543e+01 -1.000000000000000000e+00 6.768889517343067652e+00
2.417594079169129628e+01 -1.000000000000000000e+00 6.722144415159449160e+00
2.406475150015424092e+01 -1.000000000000000000e+00 6.675722719778299563e+00
2.395407358720878221e+01 -1.000000000000000000e+00 6.629622188136434779e+00
2.384390470093720538e+01 -1.000000000000000000e+00 6.583840593477169101e+00
2.373424250023867543e+01 -1.000000000000000000e+00 6.538375725028171104e+00
2.362508465477946373e+01 -1.000000000000000000e+00 6.493225386289561918e+00
2.351642884494348706e+01 -1.000000000000000000e+00 6.448387397085957318e+00
2.340827276178293204e+01 -1.000000000000000000e+00 6.403859591625936432e+00
2.330061410696924540e+01 -1.000000000000000000e+00 6.359639819835406271e+00
2.319345059274428777e+01 -1.000000000000000000e+00 6.315725945954166143e+00
2.308677994187168636e+01 -1.000000000000000000e+00 6.272115849895509854e+00
2.298059988758851091e+01 -1.000000000000000000e+00 6.228807425402512976e+00
2.287490817355702788e+01 -1.000000000000000000e+00 6.185798581700656662e+00
2.276970255381679920e+01 -1.000000000000000000e+00 6.143087242363586498e+00
2.266498079273694088e+01 -1.000000000000000000e+00 6.100671344998750634e+00
2.256074066496860198e+01 -1.000000000000000000e+00 6.058548842037706272e+00
2.245697995539773828e+01 -1.000000000000000000e+00 6.016717699907031758e+00
2.235369645909795366e+01 -1.000000000000000000e+00 5.975175899011235359e+00
2.225088798128369305e+01 -1.000000000000000000e+00 5.933921434624343405e+00
2.214855233726359174e+01 -1.000000000000000000e+00 5.892952315110740358e+00
2.204668735239408761e+01 -1.000000000000000000e+00 5.852266562964733687e+00
2.194529086203313639e+01 -1.000000000000000000e+00 5.811862214437283569e+00
2.184436071149427150e+01 -1.000000000000000000e+00 5.771737319820995360e+00
2.174389475600079891e+01 -1.000000000000000000e+00 5.731889942184790421e+00
2.164389086064020518e+01 -1.000000000000000000e+00 5.692318158850659060e+00
2.154434690031883193e+01 -1.000000000000000000e+00 5.653020060474548636e+00
2.144526075971667467e+01 -1.000000000000000000e+00 5.613993749851415416e+00
2.134663033324244452e+01 -1.000000000000000000e+00 5.575237344902300940e+00
2.124845352498882889e+01 -1.000000000000000000e+00 5.536748974813095359e+00
2.115072824868794754e+01 -1.000000000000000000e+00 5.498526782771991250e+00
2.105345242766705027e+01 -1.000000000000000000e+00 5.460568924769800603e+00
2.095662399480433180e+01 -1.000000000000000000e+00 5.422873569585752840e+00
2.086024089248503799e+01 -1.000000000000000000e+00 5.385438898862204837e+00
2.076430107255774615e+01 -1.000000000000000000e+00 5.348263105774493376e+00
2.066880249629081945e+01 -1.000000000000000000e+00 5.311344398264713718e+00
2.057374313432912771e+01 -1.000000000000000000e+00 5.274680994613604845e+00
2.047912096665085357e+01 -1.000000000000000000e+00 5.238271126374680620e+00
2.038493398252463251e+01 -1.000000000000000000e+00 5.202113037815250252e+00
2.029118018046678174e+01 -1.000000000000000000e+00 5.166204985128859839e+00
2.019785756819878486e+01 -1.000000000000000000e+00 5.130545235659328185e+00
2.010496416260497909e+01 -1.000000000000000000e+00 5.095132070033039362e+00
2.001249798969037030e+01 -1.000000000000000000e+00 5.059963780839147773e+00
1.992045708453870390e+01 -1.000000000000000000e+00 5.025038671558343495e+00
1.982883949127071332e+01 -1.000000000000000000e+00 4.990355058663056731e+00
1.973764326300255334e+01 -1.000000000000000000e+00 4.955911268962371885e+00
1.964686646180445706e+01 -1.000000000000000000e+00 4.921705641857646363e+00
1.955650715865949252e+01 -1.000000000000000000e+00 4.887736528407530479e+00
1.946656343342262119e+01 -1.000000000000000000e+00 4.854002290726231905e+00
1.937703337477988796e+01 -1.000000000000000000e+00 4.820501301810243611e+00
1.928791508020777812e+01 -1.000000000000000000e+00 4.787231947477357252e+00
1.919920665593283715e+01 -1.000000000000000000e+00 4.754192622982046146e+00
1.911090621689137947e+01 -1.000000000000000000e+00 4.721381736213642988e+00
1.902301188668944931e+01 -1.000000000000000000e+00 4.688797704996153115e+00
1.893552179756295217e+01 -1.000000000000000000e+00 4.656438959010240630e+00
1.884843409033795325e+01 -1.000000000000000000e+00 4.624303938881967113e+00
1.876174691439120323e+01 -1.000000000000000000e+00 4.592391094764788129e+00
1.867545842761076003e+01 -1.000000000000000000e+00 4.560698888845601040e+00
1.858956679635687337e+01 -1.000000000000000000e+00 4.529225794200206323e+00
1.850407019542302223e+01 -1.000000000000000000e+00 4.497970293404534026e+00
1.841896680799710850e+01 -1.000000000000000000e+00 4.466930880195639553e+00
1.833425482562289943e+01 -1.000000000000000000e+00 4.436106058721690282e+00
1.824993244816152327e+01 -1.000000000000000000e+00 4.405494344120626238e+00
1.816599788375327762e+01 -1.000000000000000000e+00 4.375094260676754665e+00
1.808244934877951593e+01 -1.000000000000000000e+00 4.344904343684483194e+00
1.799928506782476489e+01 -1.000000000000000000e+00 4.314923138515426082e+00
1.791650327363900530e+01 -1.000000000000000000e+00 4.285149200436698003e+00
1.783410220710008076e+01 -1.000000000000000000e+00 4.255581095252719770e+00
1.775208011717635159e+01 -1.000000000000000000e+00 4.226217397917403140e+00
1.767043526088946592e+01 -1.000000000000000000e+00 4.197056694044952074e+00
1.758916590327732621e+01 -1.000000000000000000e+00 4.168097578850124663e+00
1.750827031735724404e+01 -1.000000000000000000e+00 4.139338656959069773e+00
1.742774678408919087e+01 -1.000000000000000000e+00 4.110778543020756182e+00
1.734759359233931519e+01 -1.000000000000000000e+00 4.082415861541615953e+00
1.726780903884355922e+01 -1.000000000000000000e+00 4.054249245809897317e+00
1.718839142817145671e+01 -1.000000000000000000e+00 4.026277339801113797e+00
1.710933907269014398e+01 -1.000000000000000000e+00 3.998498795450899923e+00
1.703065029252844198e+01 -1.000000000000000000e+00 3.970912275352873166e+00
1.695232341554120481e+01 -1.000000000000000000e+00 3.943516450592399192e+00
1.687435677727375705e+01 -1.000000000000000000e+00 3.916310002181655037e+00
1.679674872092653004e+01 -1.000000000000000000e+00 3.889291619256257881e+00
1.671949759731989360e+01 -1.000000000000000000e+00 3.862460001005162624e+00
1.664260176485903742e+01 -1.000000000000000000e+00 3.835813854816413127e+00
1.656605958949914381e+01 -1.000000000000000000e+00 3.809351898399353953e+00
1.648986944471064930e+01 -1.000000000000000000e+00 3.783072856553686414e+00
1.641402971144466605e+01 -1.000000000000000000e+00 3.756975464912365226e+00
1.633853877809861288e+01 -1.000000000000000000e+00 3.731058465836268656e+00
1.626339504048192097e+01 -1.000000000000000000e+00 3.705320612294404903e+00
1.618859690178198463e+01 -1.000000000000000000e+00 3.679760664357202948e+00
1.611414277253019023e+01 -1.000000000000000000e+00 3.654377391883117721e+00
1.604003107056820099e+01 -1.000000000000000000e+00 3.629169572793422116e+00
1.596626022101425946e+01 -1.000000000000000000e+00 3.604135993597448184e+00
1.589282865622977958e+01 -1.000000000000000000e+00 3.579275448744161370e+00
1.581973481578600627e+01 -1.000000000000000000e+00 3.554586741546126305e+00
1.574697714643085966e+01 -1.000000000000000000e+00 3.530068683947903629e+00
1.567455410205595001e+01 -1.000000000000000000e+00 3.505720095086609422e+00
1.560246414366368839e+01 -1.000000000000000000e+00 3.481539803344467554e+00
1.553070573933459997e+01 -1.000000000000000000e+00 3.457526645023309975e+00
1.545927736419477760e+01 -1.000000000000000000e+00 3.433679463781315278e+00
1.538817750038345622e+01 -1.000000000000000000e+00 3.409997112033550160e+00
1.531740463702079857e+01 -1.000000000000000000e+00 3.386478450014362096e+00
1.524695727017573788e+01 -1.000000000000000000e+00 3.363122345908360789e+00
1.517683390283405309e+01 -1.000000000000000000e+00 3.339927675254430905e+00
1.510703304486654908e+01 -1.000000000000000000e+00 3.316893322262723931e+00
1.503755321299737702e+01 -1.000000000000000000e+00 3.294018178363017579e+00
1.496839293077255562e+01 -1.000000000000000000e+00 3.271301142527163641e+00
1.489955072852854379e+01 -1.000000000000000000e+00 3.248741121586286251e+00
1.483102514336104427e+01 -1.000000000000000000e+00 3.226337030515896043e+00
1.476281471909390319e+01 -1.000000000000000000e+00 3.204087790374841038e+00
1.469491800624816413e+01 -1.000000000000000000e+00 3.181992331178956412e+00
1.462733356201129808e+01 -1.000000000000000000e+00 3.160049589632635492e+00
1.456005995020649380e+01 -1.000000000000000000e+00 3.138258510125000456e+00
1.449309574126216660e+01 -1.000000000000000000e+00 3.116618044042403834e+00
1.442643951218158094e+01 -1.000000000000000000e+00 3.095127150259705751e+00
1.436008984651259901e+01 -1.000000000000000000e+00 3.073784794658068087e+00
1.429404533431761060e+01 -1.000000000000000000e+00 3.052589951226945875e+00
1.422830457214352684e+01 -1.000000000000000000e+00 3.031541599360511263e+00
1.416286616299198720e+01 -1.000000000000000000e+00 3.010638727161803807e+00
1.409772871628966939e+01 -1.000000000000000000e+00 2.989880328955373923e+00
1.403289084785872376e+01 -1.000000000000000000e+00 2.969265406004955032e+00
1.396835117988739761e+01 -1.000000000000000000e+00 2.948792966884346445e+00
1.390410834090070402e+01 -1.000000000000000000e+00 2.928462026790284334e+00
1.384016096573131627e+01 -1.000000000000000000e+00 2.908271607872449760e+00
1.377650769549054210e+01 -1.000000000000000000e+00 2.888220739239605983e+00
1.371314717753944912e+01 -1.000000000000000000e+00 2.868308455674403845e+00
1.365007806546013747e+01 -1.000000000000000000e+00 2.848533800621099843e+00
1.358729901902709791e+01 -1.000000000000000000e+00 2.828895821942614575e+00
1.352480870417875458e+01 -1.000000000000000000e+00 2.809393575975917212e+00
1.346260579298910365e+01 -1.000000000000000000e+00 2.790026124568214083e+00
1.340068896363949946e+01 -1.000000000000000000e+00 2.770792536171989173e+00
1.333905690039058634e+01 -1.000000000000000000e+00 2.751691886278103905e+00
1.327770829355429782e+01 -1.000000000000000000e+00 2.732723255711118515e+00
1.321664183946605142e+01 -1.000000000000000000e+00 2.713885733119477006e+00
1.315585624045704449e+01 -1.000000000000000000e+00 2.695178412150792013e+00
1.309535020482667100e+01 -1.000000000000000000e+00 2.676600393330899941e+00
1.303512244681508925e+01 -1.000000000000000000e+00 2.658150783433280484e+00
1.297517168657587483e+01 -1.000000000000000000e+00 2.639828695594119701e+00
1.291549665014884063e+01 -1.000000000000000000e+00 2.621633248741553235e+00
1.285609606943295802e+01 -1.000000000000000000e+00 2.603563568005346607e+00
1.279696868215940952e+01 -1.000000000000000000e+00 2.585618784432226924e+00
1.273811323186478539e+01 -1.000000000000000000e+00 2.567798035572326221e+00
1.267952846786434584e+01 -1.000000000000000000e+00 2.550100464569457159e+00
1.262121314522547344e+01 -1.000000000000000000e+00 2.532525220899424223e+00
1.256316602474120891e+01 -1.000000000000000000e+00 2.515071459019371680e+00
1.250538587290390780e+01 -1.000000000000000000e+00 2.497738340606019847e+00
1.244787146187906224e+01 -1.000000000000000000e+00 2.480525032000842955e+00
1.239062156947916193e+01 -1.000000000000000000e+00 2.463430706148139748e+00
1.233363497913775930e+01 -1.000000000000000000e+00 2.446454540646015197e+00
1.227691047988359152e+01 -1.000000000000000000e+00 2.429595720126412672e+00
1.222044686631488020e+01 -1.000000000000000000e+00 2.412853434305853195e+00
1.216424293857367900e+01 -1.000000000000000000e+00 2.396226877686723267e+00
1.210829750232040070e+01 -1.000000000000000000e+00 2.379715252217942112e+00
1.205260936870842592e+01 -1.000000000000000000e+00 2.363317763436919350e+00
1.199717735435884336e+01 -1.000000000000000000e+00 2.347033623857465390e+00
1.194200028133531966e+01 -1.000000000000000000e+00 2.330862050314340017e+00
1.188707697711903322e+01 -1.000000000000000000e+00 2.314802265867021536e+00
1.183240627458378569e+01 -1.000000000000000000e+00 2.298853498612285051e+00
1.177798701197119335e+01 -1.000000000000000000e+00 2.283014982408562599e+00
1.172381803286598512e+01 -1.000000000000000000e+00 2.267285955854485557e+00
1.166989818617146923e+01 -1.000000000000000000e+00 2.251665663289131203e+00
1.161622632608501782e+01 -1.000000000000000000e+00 2.236153353772150520e+00
1.156280131207375916e+01 -1.000000000000000000e+00 2.220748282095474924e+00
1.150962200885032338e+01 -1.000000000000000000e+00 2.205449707899225675e+00
1.145668728634871414e+01 -1.000000000000000000e+00 2.190256896389758179e+00
1.140399601970032428e+01 -1.000000000000000000e+00 2.175169117035534505e+00
1.135154708920999056e+01 -1.000000000000000000e+00 2.160185645418356337e+00
1.129933938033222240e+01 -1.000000000000000000e+00 2.145305761531135502e+00
1.124737178364751955e+01 -1.000000000000000000e+00 2.130528749862752758e+00
1.119564319483878201e+01 -1.000000000000000000e+00 2.115853901310353002e+00
1.114415251466787637e+01 -1.000000000000000000e+00 2.101280510262349743e+00
1.109289864895222699e+01 -1.000000000000000000e+00 2.086807876756024527e+00
1.104188050854160785e+01 -1.000000000000000000e+00 2.072435305488807167e+00
1.099109700929497180e+01 -1.000000000000000000e+00 2.058162106093061716e+00
1.094054707205742361e+01 -1.000000000000000000e+00 2.043987592597238390e+00
1.089022962263729966e+01 -1.000000000000000000e+00 2.029911084200570315e+00
1.084014359178330977e+01 -1.000000000000000000e+00 2.015931904927553475e+00
1.079028791516184071e+01 -1.000000000000000000e+00 2.002049382793749999e+00
1.074066153333433427e+01 -1.000000000000000000e+00 1.988262851447475610e+00
1.069126339173476126e+01 -1.000000000000000000e+00 1.974571648199174190e+00
1.064209244064724125e+01 -1.000000000000000000e+00 1.960975115793125223e+00
1.059314763518369951e+01 -1.000000000000000000e+00 1.947472600800163045e+00
1.054442793526168920e+01 -1.000000000000000000e+00 1.934063454914230817e+00
1.049593230558227752e+01 -1.000000000000000000e+00 1.920747034118226448e+00
1.044765971560804196e+01 -1.000000000000000000e+00 1.907522698556814778e+00
1.039960913954119803e+01 -1.000000000000000000e+00 1.894389813302870706e+00
1.035177955630176250e+01 -1.000000000000000000e+00 1.881347747430073492e+00
1.030416994950588006e+01 -1.000000000000000000e+00 1.868395874833964188e+00
1.025677930744421928e+01 -1.000000000000000000e+00 1.855533573249969148e+00
1.020960662306046451e+01 -1.000000000000000000e+00 1.842760224993044815e+00
1.016265089392994625e+01 -1.000000000000000000e+00 1.830075216667305993e+00
1.011591112223829825e+01 -1.000000000000000000e+00 1.817477939065604398e+00
1.006938631476027624e+01 -1.000000000000000000e+00 1.804967787353372932e+00
1.002307548283865479e+01 -1.000000000000000000e+00 1.792544160642168150e+00
9.976977642363204168e+00 -1.000000000000000000e+00 1.780206462514388743e+00
9.931091813749794994e+00 -1.000000000000000000e+00 1.767954100296413422e+00
9.885417021919574054e+00 -1.000000000000000000e+00 1.755786485774845973e+00
9.839952296278230648e+00 -1.000000000000000000e+00 1.743703034564336285e+00
9.794696670695392626e+00 -1.000000000000000000e+00 1.731703166739952060e+00
9.749649183484088155e+00 -1.000000000000000000e+00 1.719786305762452061e+00
9.704808877380301624e+00 -1.000000000000000000e+00 1.707951879744477708e+00
9.660174799522645017e+00 -1.000000000000000000e+00 1.696199320226496221e+00
9.615746001432098566e+00 -1.000000000000000000e+00 1.684528063188285962e+00
9.571521538991863309e+00 -1.000000000000000000e+00 1.672937547904294719e+00
9.527500472427291811e+00 -1.000000000000000000e+00 1.661427218305451925e+00
9.483681866285921913e+00 -1.000000000000000000e+00 1.649996521379140546e+00
9.440064789417602853e+00 -1.000000000000000000e+00 1.638644908662009403e+00
9.396648314954692438e+00 -1.000000000000000000e+00 1.627371835035201109e+00
9.353431520292383894e+00 -1.000000000000000000e+00 1.616176759348352032e+00
9.310413487069077121e+00 -1.000000000000000000e+00 1.605059144083816669e+00
9.267593301146877849e+00 -1.000000000000000000e+00 1.594018455532873801e+00
9.224970052592174952e+00 -1.000000000000000000e+00 1.583054163758981225e+00
9.182542835656283486e+00 -1.000000000000000000e+00 1.572165742352090723e+00
9.140310748756229842e+00 -1.000000000000000000e+00 1.561352668741613048e+00
9.098272894455559978e+00 -1.000000000000000000e+00 1.550614423770525052e+00
9.056428379445289778e+00 -1.000000000000000000e+00 1.539950492039555696e+00
9.014776314524917566e+00 -1.000000000000000000e+00 1.529360361502386745e+00
8.973315814583521899e+00 -1.000000000000000000e+00 1.518843524060797590e+00
8.932045998580965929e+00 -1.000000000000000000e+00 1.508399474738153723e+00
8.890965989529160396e+00 -1.000000000000000000e+00 1.498027712270810552e+00
8.850074914473434973e+00 -1.000000000000000000e+00 1.487727738929399246e+00
8.809371904473991322e+00 -1.000000000000000000e+00 1.477499060252755125e+00
8.768856094587428984e+00 -1.000000000000000000e+00 1.467341185319460228e+00
8.728526623848377852e+00 -1.000000000000000000e+00 1.457253626625124365e+00
8.688382635251185704e+00 -1.000000000000000000e+00 1.447235899943144499e+00
8.648423275731722981e+00 -1.000000000000000000e+00 1.437287524594397459e+00
8.608647696149244410e+00 -1.000000000000000000e+00 1.427408023034135498e+00
8.569055051268350098e+00 -1.000000000000000000e+00 1.417596921136565324e+00
8.529644499741023012e+00 -1.000000000000000000e+00 1.407853748095375002e+00
8.490415204088746393e+00 -1.000000000000000000e+00 1.398178036266043200e+00
8.451366330684717099e+00 -1.000000000000000000e+00 1.388569321349250707e+00
8.412497049736117560e+00 -1.000000000000000000e+00 1.379027142238042680e+00
8.373806535266492546e+00 -1.000000000000000000e+00 1.369551040954411159e+00
8.335293965098193425e+00 -1.000000000000000000e+00 1.360140562836692713e+00
8.296958520834905926e+00 -1.000000000000000000e+00 1.350795256259440524e+00
8.258799387844268480e+00 -1.000000000000000000e+00 1.341514672786805695e+00
8.220815755240540312e+00 -1.000000000000000000e+00 1.332298367063926792e+00
8.183006815867392092e+00 -1.000000000000000000e+00 1.323145896833132440e+00
8.145371766280742776e+00 -1.000000000000000000e+00 1.314056822987462514e+00
8.107909806731687041e+00 -1.000000000000000000e+00 1.305030709350504692e+00
8.070620141149502658e+00 -1.000000000000000000e+00 1.296067122825190765e+00
8.033501977124734239e+00 -1.000000000000000000e+00 1.287165633324363956e+00
7.996554525892348053e+00 -1.000000000000000000e+00 1.278325813736811645e+00
7.959777002314983640e+00 -1.000000000000000000e+00 1.269547239938012329e+00
7.923168624866253396e+00 -1.000000000000000000e+00 1.260829490693815336e+00
7.886728615614152282e+00 -1.000000000000000000e+00 1.252172147790577394e+00
7.850456200204509294e+00 -1.000000000000000000e+00 1.243574795813913392e+00
7.814350607844543717e+00 -1.000000000000000000e+00 1.235037022287391872e+00
7.778411071286488010e+00 -1.000000000000000000e+00 1.226558417579892257e+00
7.742636826811269302e+00 -1.000000000000000000e+00 1.218138574954224396e+00
7.707027114212299246e+00 -1.000000000000000000e+00 1.209777090421603640e+00
7.671581176779302069e+00 -1.000000000000000000e+00 1.201473562832295894e+00
7.636298261282243871e+00 -1.000000000000000000e+00 1.193227593856685420e+00
7.601177617955328536e+00 -1.000000000000000000e+00 1.185038787875169586e+00
7.566218500481054932e+00 -1.000000000000000000e+00 1.176906752074280194e+00
7.531420165974371805e+00 -1.000000000000000000e+00 1.168831096298640793e+00
7.496781874966877091e+00 -1.000000000000000000e+00 1.160811433146871741e+00
7.462302891391109583e+00 -1.000000000000000000e+00 1.152847377929705042e+00
7.427982482564916111e+00 -1.000000000000000000e+00 1.144938548568897430e+00
7.393819919175865785e+00 -1.000000000000000000e+00 1.137084565692572102e+00
7.359814475265767264e+00 -1.000000000000000000e+00 1.129285052532771783e+00
7.325965428215230446e+00 -1.000000000000000000e+00 1.121539634990819323e+00
7.292272058728314299e+00 -1.000000000000000000e+00 1.113847941475693437e+00
7.258733650817251082e+00 -1.000000000000000000e+00 1.106209603043714518e+00
7.225349491787214085e+00 -1.000000000000000000e+00 1.098624253312553867e+00
7.192118872221189285e+00 -1.000000000000000000e+00 1.091091528450638393e+00
7.159041085964886086e+00 -1.000000000000000000e+00 1.083611067105771486e+00
7.126115430111747528e+00 -1.000000000000000000e+00 1.076182510492890376e+00
7.093341204987995141e+00 -1.000000000000000000e+00 1.068805502292044185e+00
7.060717714137773271e+00 -1.000000000000000000e+00 1.061479688683791389e+00
7.028244264308349365e+00 -1.000000000000000000e+00 1.054204718240583150e+00
6.995920165435372873e+00 -1.000000000000000000e+00 1.046980242088072721e+00
6.963744730628223856e+00 -1.000000000000000000e+00 1.039805913670426740e+00
6.931717276155406005e+00 -1.000000000000000000e+00 1.032681388888926133e+00
6.899837121430018705e+00 -1.000000000000000000e+00 1.025606326083252418e+00
6.868103588995303710e+00 -1.000000000000000000e+00 1.018580385857999815e+00
6.836516004510237110e+00 -1.000000000000000000e+00 1.011603231279269099e+00
6.805073696735208344e+00 -1.000000000000000000e+00 1.004674527708548259e+00
6.773775997517749836e+00 -1.000000000000000000e+00 9.977939428291144885e-01
6.742622241778342129e+00 -1.000000000000000000e+00 9.909611466649077549e-01
6.711611767496282965e+00 -1.000000000000000000e+00 9.841758115175912591e-01
6.680743915695613211e+00 -1.000000000000000000e+00 9.774376119495736814e-01
6.650018030431120053e+00 -1.000000000000000000e+00 9.707462248465923427e-01
6.619433458774392598e+00 -1.000000000000000000e+00 9.641013292449338579e-01
6.588989550799949413e+00 -1.000000000000000000e+00 9.575026065116861718e-01
6.558685659571431792e+00 -1.000000000000000000e+00 9.509497401815886208e-01
6.528521141127845873e+00 -1.000000000000000000e+00 9.444424160095834520e-01
6.498495354469890017e+00 -1.000000000000000000e+00 9.379803218829702027e-01
6.468607661546325716e+00 -1.000000000000000000e+00 9.315631479610714250e-01
6.438857427240419540e+00 -1.000000000000000000e+00 9.251905864786325040e-01
6.409244019356453492e+00 -1.000000000000000000e+00 9.188623318041569954e-01
6.379766808606280648e+00 -1.000000000000000000e+00 9.125780805258508765e-01
6.350425168595963399e+00 -1.000000000000000000e+00 9.063375312314486676e-01
6.321218475812451665e+00 -1.000000000000000000e+00 9.001403846994084912e-01
6.292146109610343707e+00 -1.000000000000000000e+00 8.939863437363573251e-01
6.263207452198689573e+00 -1.000000000000000000e+00 8.878751132168303251e-01
6.234401888627862043e+00 -1.000000000000000000e+00 8.818064001250772721e-01
6.205728806776502182e+00 -1.000000000000000000e+00 8.757799133909902611e-01
6.177187597338491543e+00 -1.000000000000000000e+00 8.697953640819796606e-01
6.148777653810022947e+00 -1.000000000000000000e+00 8.638524651935733933e-01
6.120498372476699700e+00 -1.000000000000000000e+00 8.579509317489858455e-01
6.092349152400710288e+00 -1.000000000000000000e+00 8.520904807630744759e-01
6.064329395408063483e+00 -1.000000000000000000e+00 8.462708312339800587e-01
6.036438506075866961e+00 -1.000000000000000000e+00 8.404917040629595881e-01
6.008675891719686746e+00 -1.000000000000000000e+00 8.347528221766218337e-01
5.981040962380941295e+00 -1.000000000000000000e+00 8.290539103373099072e-01
5.953533130814368413e+00 -1.000000000000000000e+00 8.233946953240703914e-01
5.926151812475554337e+00 -1.000000000000000000e+00 8.177749057467456062e-01
5.898896425508496577e+00 -1.000000000000000000e+00 8.121942721370398743e-01
5.871766390733255570e+00 -1.000000000000000000e+00 8.066525269178344004e-01
5.844761131633634754e+00 -1.000000000000000000e+00 8.011494043281176536e-01
5.817880074344933483e+00 -1.000000000000000000e+00 7.956846405098052522e-01
5.791122647641759436e+00 -1.000000000000000000e+00 7.902579734252475063e-01
5.764488282925876561e+00 -1.000000000000000000e+00 7.848691428602496689e-01
5.737976414214133847e+00 -1.000000000000000000e+00 7.795178904364692407e-01
5.711586478126432276e+00 -1.000000000000000000e+00 7.742039595344538672e-01
5.685317913873752182e+00 -1.000000000000000000e+00 7.689270953754582250e-01
5.659170163246243668e+00 -1.000000000000000000e+00 7.636870449355077639e-01
5.633142670601354318e+00 -1.000000000000000000e+00 7.584835569217429629e-01
5.607234882852032420e+00 -1.000000000000000000e+00 7.533163818560496550e-01
5.581446249454963926e+00 -1.000000000000000000e+00 7.481852719624508818e-01
5.555776222398876030e+00 -1.000000000000000000e+00 7.430899812246322123e-01
5.530224256192902033e+00 -1.000000000000000000e+00 7.380302653092817300e-01
5.504789807854970185e+00 -1.000000000000000000e+00 7.330058815885034385e-01
5.479472336900286678e+00 -1.000000000000000000e+00 7.280165891670956624e-01
5.454271305329833730e+00 -1.000000000000000000e+00 7.230621487914411505e-01
5.429186177618941400e+00 -1.000000000000000000e+00 7.181423228766101730e-01
5.404216420705916235e+00 -1.000000000000000000e+00 7.132568755487659340e-01
5.379361503980700121e+00 -1.000000000000000000e+00 7.084055725338667120e-01
5.354620899273607293e+00 -1.000000000000000000e+00 7.035881812048269124e-01
5.329994080844088877e+00 -1.000000000000000000e+00 6.988044705643681187e-01
5.305480525369572931e+00 -1.000000000000000000e+00 6.940542112145023923e-01
5.281079711934332011e+00 -1.000000000000000000e+00 6.893371754052362022e-01
5.256791122018421802e+00 -1.000000000000000000e+00 6.846531368982031740e-01
5.232614239486661489e+00 -1.000000000000000000e+00 6.800018711194785181e-01
5.208548550577661196e+00 -1.000000000000000000e+00 6.753831550098788883e-01
5.184593543892911605e+00 -1.000000000000000000e+00 6.707967670974390728e-01
5.160748710385909099e+00 -1.000000000000000000e+00 6.662424874507498762e-01
5.137013543351341305e+00 -1.000000000000000000e+00 6.617200976513084587e-01
5.113387538414325917e+00 -1.000000000000000000e+00 6.572293808848569396e-01
5.089870193519680619e+00 -1.000000000000000000e+00 6.527701217441578274e-01
5.066461008921267606e+00 -1.000000000000000000e+00 6.483421064114137655e-01
5.043159487171360311e+00 -1.000000000000000000e+00 6.439451225098822285e-01
5.019965133110082078e+00 -1.000000000000000000e+00 6.395789592330108908e-01
4.996877453854883910e+00 -1.000000000000000000e+00 6.352434071290836703e-01
4.973895958790063965e+00 -1.000000000000000000e+00 6.309382583352016738e-01
4.951020159556350109e+00 -1.000000000000000000e+00 6.266633063247488700e-01
4.928249570040514449e+00 -1.000000000000000000e+00 6.224183461407668538e-01
4.905583706365048258e+00 -1.000000000000000000e+00 6.182031741255379353e-01
4.883022086877879531e+00 -1.000000000000000000e+00 6.140175881794853741e-01
4.860564232142134955e+00 -1.000000000000000000e+00 6.098613875357368208e-01
4.838209664925956055e+00 -1.000000000000000000e+00 6.057343728404348537e-01
4.815957910192351754e+00 -1.000000000000000000e+00 6.016363461616107688e-01
4.793808495089109556e+00 -1.000000000000000000e+00 5.975671109352712618e-01
4.771760948938745805e+00 -1.000000000000000000e+00 5.935264720082928935e-01
4.749814803228501248e+00 -1.000000000000000000e+00 5.895142355438784953e-01
4.727969591600389876e+00 -1.000000000000000000e+00 5.855302090896256084e-01
4.706224849841281532e+00 -1.000000000000000000e+00 5.815742015572048507e-01
4.684580115873047568e+00 -1.000000000000000000e+00 5.776460231511331145e-01
4.663034929742731372e+00 -1.000000000000000000e+00 5.737454854942507509e-01
4.641588833612778409e+00 -1.000000000000000000e+00 5.698724014029931118e-01
4.620241371751311554e+00 -1.000000000000000000e+00 5.660265851052421748e-01
4.598992090522438403e+00 -1.000000000000000000e+00 5.622078521423128361e-01
4.577840538376618973e+00 -1.000000000000000000e+00 5.584160192477931606e-01
4.556786265841063610e+00 -1.000000000000000000e+00 5.546509045670214855e-01
4.535828825510187734e+00 -1.000000000000000000e+00 5.509123273896879835e-01
4.514967772036100335e+00 -1.000000000000000000e+00 5.472001083956358203e-01
4.494202662119142211e+00 -1.000000000000000000e+00 5.435140694267327488e-01
4.473533054498465056e+00 -1.000000000000000000e+00 5.398540336608821377e-01
4.452958509942654963e+00 -1.000000000000000000e+00 5.362198254582868362e-01
4.432478591240396781e+00 -1.000000000000000000e+00 5.326112704139126519e-01
4.412092863191189096e+00 -1.000000000000000000e+00 5.290281953642724799e-01
4.391800892596085859e+00 -1.000000000000000000e+00 5.254704283706461698e-01
4.371602248248504630e+00 -1.000000000000000000e+00 5.219377987121039952e-01
4.351496500925049915e+00 -1.000000000000000000e+00 5.184301368096153606e-01
4.331483223376399572e+00 -1.000000000000000000e+00 5.149472743216370052e-01
4.311561990318227622e+00 -1.000000000000000000e+00 5.114890440949538819e-01
4.291732378422157268e+00 -1.000000000000000000e+00 5.080552801111233308e-01
4.271993966306778745e+00 -1.000000000000000000e+00 5.046458175693425696e-01
4.252346334528682270e+00 -1.000000000000000000e+00 5.012604927929020793e-01
4.232789065573549614e+00 -1.000000000000000000e+00 4.978991432528039329e-01
4.213321743847288303e+00 -1.000000000000000000e+00 4.945616076075707301e-01
4.193943955667186252e+00 -1.000000000000000000e+00 4.912477255643621366e-01
4.174655289253136559e+00 -1.000000000000000000e+00 4.879573380489471979e-01
4.155455334718875626e+00 -1.000000000000000000e+00 4.846902870692229026e-01
4.136343684063274573e+00 -1.000000000000000000e+00 4.814464157291420410e-01
4.117319931161677715e+00 -1.000000000000000000e+00 4.782255682545920039e-01
4.098383671757261482e+00 -1.000000000000000000e+00 4.750275899495877696e-01
4.079534503452451055e+00 -1.000000000000000000e+00 4.718523272457726403e-01
4.060772025700365440e+00 -1.000000000000000000e+00 4.686996276263465933e-01
4.042095839796306933e+00 -1.000000000000000000e+00 4.655693396358004388e-01
4.023505548869292348e+00 -1.000000000000000000e+00 4.624613129139670820e-01
4.005000757873610873e+00 -1.000000000000000000e+00 4.593753981329967151e-01
3.986581073580440560e+00 -1.000000000000000000e+00 4.563114470538252032e-01
3.968246104569480792e+00 -1.000000000000000000e+00 4.532693124223071690e-01
3.949995461220643822e+00 -1.000000000000000000e+00 4.502488481035506473e-01
3.931828755705769396e+00 -1.000000000000000000e+00 4.472499088967951120e-01
3.913745601980383793e+00 -1.000000000000000000e+00 4.442723506896704699e-01
3.895745615775503268e+00 -1.000000000000000000e+00 4.413160303789402383e-01
3.877828414589456152e+00 -1.000000000000000000e+00 4.383808058692351128e-01
3.859993617679768008e+00 -1.000000000000000000e+00 4.354665360121994233e-01
3.842240846055060111e+00 -1.000000000000000000e+00 4.325730807258188482e-01
3.824569722466999000e+00 -1.000000000000000000e+00 4.297003008887032571e-01
3.806979871402285998e+00 -1.000000000000000000e+00 4.268480583672311091e-01
3.789470919074666710e+00 -1.000000000000000000e+00 4.240162159547867238e-01
3.772042493416998266e+00 -1.000000000000000000e+00 4.212046374785282654e-01
3.754694224073336084e+00 -1.000000000000000000e+00 4.184131876875697986e-01
3.737425742391064176e+00 -1.000000000000000000e+00 4.156417322888392718e-01
3.720236681413067625e+00 -1.000000000000000000e+00 4.128901379696078844e-01
3.703126675869925943e+00 -1.000000000000000000e+00 4.101582722795198976e-01
3.686095362172158829e+00 -1.000000000000000000e+00 4.074460037804085721e-01
3.669142378402493243e+00 -1.000000000000000000e+00 4.047532019375141288e-01
3.652267364308175335e+00 -1.000000000000000000e+00 4.020797371194593794e-01
3.635469961293319674e+00 -1.000000000000000000e+00 3.994254806128645363e-01
3.618749812411279354e+00 -1.000000000000000000e+00 3.967903046359604335e-01
3.602106562357071162e+00 -1.000000000000000000e+00 3.941740822611877193e-01
3.585539857459815849e+00 -1.000000000000000000e+00 3.915766875067545061e-01
3.569049345675229468e+00 -1.000000000000000000e+00 3.889979952576475553e-01
3.552634676578141359e+00 -1.000000000000000000e+00 3.864378812959590181e-01
3.536295501355041893e+00 -1.000000000000000000e+00 3.838962222400818525e-01
3.520031472796679939e+00 -1.000000000000000000e+00 3.813728956186189789e-01
3.503842245290674118e+00 -1.000000000000000000e+00 3.788677797929281832e-01
3.487727474814177775e+00 -1.000000000000000000e+00 3.763807540179830435e-01
3.471686818926561280e+00 -1.000000000000000000e+00 3.739116983798894123e-01
3.455719936762138733e+00 -1.000000000000000000e+00 3.714604937954248398e-01
3.439826489022925315e+00 -1.000000000000000000e+00 3.690270220568553361e-01
3.424006137971423946e+00 -1.000000000000000000e+00 3.666111657533590584e-01
3.408258547423451912e+00 -1.000000000000000000e+00 3.642128083331798161e-01
3.392583382740993692e+00 -1.000000000000000000e+00 3.618318340399027666e-01
3.376980310825090648e+00 -1.000000000000000000e+00 3.594681279430052556e-01
3.361449000108765794e+00 -1.000000000000000000e+00 3.571215759214554919e-01
3.345989120549972995e+00 -1.000000000000000000e+00 3.547920646923757304e-01
3.330600343624588788e+00 -1.000000000000000000e+00 3.524794817053788498e-01
3.315282342319425091e+00 -1.000000000000000000e+00 3.501837152465411274e-01
3.300034791125284528e+00 -1.000000000000000000e+00 3.479046543771960875e-01
3.284857366030044634e+00 -1.000000000000000000e+00 3.456421889629051614e-01
3.269749744511766476e+00 -1.000000000000000000e+00 3.433962095979345985e-01
3.254711605531848129e+00 -1.000000000000000000e+00 3.411666076935909730e-01
3.239742629528197249e+00 -1.000000000000000000e+00 3.389532754027685946e-01
3.224842498408441394e+00 -1.000000000000000000e+00 3.367561056188873581e-01
3.210010895543172538e+00 -1.000000000000000000e+00 3.345749920492635532e-01
3.195247505759212014e+00 -1.000000000000000000e+00 3.324098290806087319e-01
3.180552015332919868e+00 -1.000000000000000000e+00 3.302605118957400721e-01
3.165924111983522415e+00 -1.000000000000000000e+00 3.281269363558210750e-01
3.151363484866478437e+00 -1.000000000000000000e+00 3.260089991308847135e-01
3.136869824566877352e+00 -1.000000000000000000e+00 3.239065975663603658e-01
3.122442823092856923e+00 -1.000000000000000000e+00 3.218196297262829186e-01
3.108082173869064047e+00 -1.000000000000000000e+00 3.197479944077086800e-01
3.093787571730137742e+00 -1.000000000000000000e+00 3.176915911382947044e-01
3.079558712914225893e+00 -1.000000000000000000e+00 3.156503201033670214e-01
3.065395295056527303e+00 -1.000000000000000000e+00 3.136240822021127417e-01
3.051297017182869720e+00 -1.000000000000000000e+00 3.116127790617858051e-01
3.037263579703311400e+00 -1.000000000000000000e+00 3.096163129791628665e-01
3.023294684405777311e+00 -1.000000000000000000e+00 3.076345869327223870e-01
3.009390034449720197e+00 -1.000000000000000000e+00 3.056675045667119894e-01
2.995549334359813631e+00 -1.000000000000000000e+00 3.037149702223306824e-01
2.981772290019672145e+00 -1.000000000000000000e+00 3.017768889164910706e-01
2.968058608665602449e+00 -1.000000000000000000e+00 2.998531663042333095e-01
2.954407998880380859e+00 -1.000000000000000000e+00 2.979437087291960662e-01
2.940820170587063132e+00 -1.000000000000000000e+00 2.960484231542131472e-01
2.927294835042816512e+00 -1.000000000000000000e+00 2.941672172314059863e-01
2.913831704832787306e+00 -1.000000000000000000e+00 2.922999992297000138e-01
2.900430493863991543e+00 -1.000000000000000000e+00 2.904466780608964682e-01
2.887090917359235842e+00 -1.000000000000000000e+00 2.886071632934560371e-01
2.873812691851065804e+00 -1.000000000000000000e+00 2.867813650953620064e-01
2.860595535175742388e+00 -1.000000000000000000e+00 2.849691943045364328e-01
2.847439166467246263e+00 -1.000000000000000000e+00 2.831705623111363535e-01
2.834343306151309250e+00 -1.000000000000000000e+00 2.813853811884348133e-01
2.821307675939471959e+00 -1.000000000000000000e+00 2.796135636024444371e-01
2.808331998823172082e+00 -1.000000000000000000e+00 2.778550227866301570e-01
2.795415999067856649e+00 -1.000000000000000000e+00 2.761096726226994202e-01
2.782559402207124499e+00 -1.000000000000000000e+00 2.743774275825424103e-01
2.769761935036890943e+00 -1.000000000000000000e+00 2.726582027020204579e-01
2.757023325609583519e+00 -1.000000000000000000e+00 2.709519136356153823e-01
2.744343303228364839e+00 -1.000000000000000000e+00 2.692584766093610860e-01
2.731721598441376742e+00 -1.000000000000000000e+00 2.675778084245231669e-01
2.719157943036017322e+00 -1.000000000000000000e+00 2.659098264687960178e-01
2.706652070033241486e+00 -1.000000000000000000e+00 2.642544486707687490e-01
2.694203713681883272e+00 -1.000000000000000000e+00 2.626115935604235729e-01
2.681812609453015028e+00 -1.000000000000000000e+00 2.609811802203300113e-01
2.669478494034321248e+00 -1.000000000000000000e+00 2.593631282715266884e-01
2.657201105324505264e+00 -1.000000000000000000e+00 2.577573579081373079e-01
2.644980182427719484e+00 -1.000000000000000000e+00 2.561637898262936752e-01
2.632815465648020936e+00 -1.000000000000000000e+00 2.545823453348078358e-01
2.620706696483851683e+00 -1.000000000000000000e+00 2.530129462354339109e-01
2.608653617622548104e+00 -1.000000000000000000e+00 2.514555148591197664e-01
2.596655972934871048e+00 -1.000000000000000000e+00 2.499099741067123126e-01
2.584713507469563520e+00 -1.000000000000000000e+00 2.483762473362908785e-01
2.572825967447933238e+00 -1.000000000000000000e+00 2.468542585220064312e-01
2.560993100258458721e+00 -1.000000000000000000e+00 2.453439320614702046e-01
2.549214654451423367e+00 -1.000000000000000000e+00 2.438451929308071697e-01
2.537490379733570389e+00 -1.000000000000000000e+00 2.423579665815196182e-01
2.525820026962784404e+00 -1.000000000000000000e+00 2.408821789701260097e-01
2.514203348142797445e+00 -1.000000000000000000e+00 2.394177565692455212e-01
2.502640096417918514e+00 -1.000000000000000000e+00 2.379646263321579247e-01
2.491130026067788883e+00 -1.000000000000000000e+00 2.365227157015354909e-01
2.479672892502158721e+00 -1.000000000000000000e+00 2.350919526302799878e-01
2.468268452255692136e+00 -1.000000000000000000e+00 2.336722655286993799e-01
2.456916462982790872e+00 -1.000000000000000000e+00 2.322635833088532165e-01
2.445616683452445983e+00 -1.000000000000000000e+00 2.308658353390925233e-01
2.434368873543110823e+00 -1.000000000000000000e+00 2.294789514730551927e-01
2.423172794237599348e+00 -1.000000000000000000e+00 2.281028619924024559e-01
2.412028207618006626e+00 -1.000000000000000000e+00 2.267374977074660403e-01
2.400934876860652434e+00 -1.000000000000000000e+00 2.253827898327905310e-01
2.389892566231049731e+00 -1.000000000000000000e+00 2.240386700827543265e-01
2.378901041078893552e+00 -1.000000000000000000e+00 2.227050705681523080e-01
2.367960067833077442e+00 -1.000000000000000000e+00 2.213819239050581478e-01
2.357069413996727647e+00 -1.000000000000000000e+00 2.200691630900553919e-01
2.346228848142263068e+00 -1.000000000000000000e+00 2.187667216113957092e-01
2.335438139906478749e+00 -1.000000000000000000e+00 2.174745333788118684e-01
2.324697059985648018e+00 -1.000000000000000000e+00 2.161925327057878099e-01
2.314005380130653045e+00 -1.000000000000000000e+00 2.149206543770632027e-01
2.303362873142130951e+00 -1.000000000000000000e+00 2.136588335767430902e-01
2.292769312865649223e+00 -1.000000000000000000e+00 2.124070058818134099e-01
2.282224474186897556e+00 -1.000000000000000000e+00 2.111651073446101923e-01
2.271728133026905461e+00 -1.000000000000000000e+00 2.099330744033964524e-01
2.261280066337278516e+00 -1.000000000000000000e+00 2.087108438726368309e-01
2.250880052095461270e+00 -1.000000000000000000e+00 2.074983530020057809e-01
2.240527869300018793e+00 -1.000000000000000000e+00 2.062955394576091173e-01
2.230223297965937768e+00 -1.000000000000000000e+00 2.051023412715871075e-01
2.219966119119955117e+00 -1.000000000000000000e+00 2.039186968880127571e-01
2.209756114795902171e+00 -1.000000000000000000e+00 2.027445451045817582e-01
2.199593068030074594e+00 -1.000000000000000000e+00 2.015798251710818612e-01
2.189476762856621406e+00 -1.000000000000000000e+00 2.004244766453387450e-01
2.179406984302954875e+00 -1.000000000000000000e+00 1.992784395473486403e-01
2.169383518385184395e+00 -1.000000000000000000e+00 1.981416541780305629e-01
2.159406152103566345e+00 -1.000000000000000000e+00 1.970140613027425158e-01
2.149474673437980154e+00 -1.000000000000000000e+00 1.958956019562962947e-01
2.139588871343422127e+00 -1.000000000000000000e+00 1.947862176326480843e-01
2.129748535745520144e+00 -1.000000000000000000e+00 1.936858501317478554e-01
2.119953457536071006e+00 -1.000000000000000000e+00 1.925944416073569754e-01
2.110203428568595552e+00 -1.000000000000000000e+00 1.915119345964363673e-01
2.100498241653915077e+00 -1.000000000000000000e+00 1.904382719663103296e-01
2.090837690555750417e+00 -1.000000000000000000e+00 1.893733969553546281e-01
2.081221569986338338e+00 -1.000000000000000000e+00 1.883172531202453870e-01
2.071649675602068807e+00 -1.000000000000000000e+00 1.872697843542719953e-01
2.062121803999143577e+00 -1.000000000000000000e+00 1.862309348978357093e-01
2.052637752709252084e+00 -1.000000000000000000e+00 1.852006493379146634e-01
2.043197320195270894e+00 -1.000000000000000000e+00 1.841788725669166460e-01
2.033800305846981349e+00 -1.000000000000000000e+00 1.831655498188048403e-01
2.024446509976803643e+00 -1.000000000000000000e+00 1.821606266552432685e-01
2.015135733815557550e+00 -1.000000000000000000e+00 1.811640489362502104e-01
2.005867779508233806e+00 -1.000000000000000000e+00 1.801757628529119803e-01
1.996642450109793909e+00 -1.000000000000000000e+00 1.791957149157880347e-01
1.987459549580983031e+00 -1.000000000000000000e+00 1.782238519446726344e-01
1.978318882784164234e+00 -1.000000000000000000e+00 1.772601210554234086e-01
1.969220255479172232e+00 -1.000000000000000000e+00 1.763044696616627438e-01
1.960163474319185362e+00 -1.000000000000000000e+00 1.753568455072910537e-01
1.951148346846616866e+00 -1.000000000000000000e+00 1.744171966022414755e-01
1.942174681489025723e+00 -1.000000000000000000e+00 1.734854712858476533e-01
1.933242287555045236e+00 -1.000000000000000000e+00 1.725616181338957000e-01
1.924350975230330940e+00 -1.000000000000000000e+00 1.716455860825851498e-01
1.915500555573527608e+00 -1.000000000000000000e+00 1.707373242888436116e-01
1.906690840512252461e+00 -1.000000000000000000e+00 1.698367822383467507e-01
1.897921642839100809e+00 -1.000000000000000000e+00 1.689439096705987187e-01
1.889192776207666347e+00 -1.000000000000000000e+00 1.680586566083173972e-01
1.880504055128582319e+00 -1.000000000000000000e+00 1.671809733421312505e-01
1.871855294965578675e+00 -1.000000000000000000e+00 1.663108104450941316e-01
1.863246311931560317e+00 -1.000000000000000000e+00 1.654481187604007475e-01
1.854676923084698670e+00 -1.000000000000000000e+00 1.645928493820812133e-01
1.846146946324547677e+00 -1.000000000000000000e+00 1.637449536735261224e-01
1.837656200388171124e+00 -1.000000000000000000e+00 1.629043832511980205e-01
1.829204504846293267e+00 -1.000000000000000000e+00 1.620710900160270418e-01
1.820791680099463017e+00 -1.000000000000000000e+00 1.612450260914390643e-01
1.812417547374236992e+00 -1.000000000000000000e+00 1.604261438537893658e-01
1.804081928719382777e+00 -1.000000000000000000e+00 1.596143959617938035e-01
1.795784647002095724e+00 -1.000000000000000000e+00 1.588097352706547283e-01
1.787525525904235080e+00 -1.000000000000000000e+00 1.580121149162188876e-01
1.779304389918577867e+00 -1.000000000000000000e+00 1.572214882728484586e-01
1.771121064345087870e+00 -1.000000000000000000e+00 1.564378089400769445e-01
1.762975375287205715e+00 -1.000000000000000000e+00 1.556610307552107608e-01
1.754867149648150937e+00 -1.000000000000000000e+00 1.548911077930005542e-01
1.746796215127245366e+00 -1.000000000000000000e+00 1.541279943671970687e-01
1.738762400216250725e+00 -1.000000000000000000e+00 1.533716450152945165e-01
1.730765534195725097e+00 -1.000000000000000000e+00 1.526220144832844960e-01
1.722805447131394052e+00 -1.000000000000000000e+00 1.518790577709541456e-01
1.714881969870539757e+00 -1.000000000000000000e+00 1.511427300700844134e-01
1.706994934038407408e+00 -1.000000000000000000e+00 1.504129868423506877e-01
1.699144172034626310e+00 -1.000000000000000000e+00 1.496897836839308771e-01
1.691329517029648066e+00 -1.000000000000000000e+00 1.489730764997443391e-01
1.683550802961202297e+00 -1.000000000000000000e+00 1.482628213382113924e-01
1.675807864530767688e+00 -1.000000000000000000e+00 1.475589744897136679e-01
1.668100537200058797e+00 -1.000000000000000000e+00 1.468614924482246620e-01
1.660428657187529966e+00 -1.000000000000000000e+00 1.461703319115650879e-01
1.652792061464894768e+00 -1.000000000000000000e+00 1.454854497873559749e-01
1.645190587753662559e+00 -1.000000000000000000e+00 1.448068031801809652e-01
1.637624074521687900e+00 -1.000000000000000000e+00 1.441343493996433689e-01
1.630092360979740640e+00 -1.000000000000000000e+00 1.434680459543803688e-01
1.622595287078087534e+00 -1.000000000000000000e+00 1.428078505466957027e-01
1.615132693503090522e+00 -1.000000000000000000e+00 1.421537210805867979e-01
1.607704421673823436e+00 -1.000000000000000000e+00 1.415056156447979108e-01
1.600310313738700696e+00 -1.000000000000000000e+00 1.408634925270818294e-01
1.592950212572122437e+00 -1.000000000000000000e+00 1.402273102028357976e-01
1.585623961771137402e+00 -1.000000000000000000e+00 1.395970273328351607e-01
1.578331405652117381e+00 -1.000000000000000000e+00 1.389726027702603006e-01
1.571072389247450296e+00 -1.000000000000000000e+00 1.383539955488822248e-01
1.563846758302246842e+00 -1.000000000000000000e+00 1.377411648891787854e-01
1.556654359271061550e+00 -1.000000000000000000e+00 1.371340701893311587e-01
1.549495039314631839e+00 -1.000000000000000000e+00 1.365326710315319658e-01
1.542368646296628176e+00 -1.000000000000000000e+00 1.359369271774873156e-01
1.535275028780422657e+00 -1.000000000000000000e+00 1.353467985635875559e-01
1.528214036025869804e+00 -1.000000000000000000e+00 1.347622453028932688e-01
1.521185517986104463e+00 -1.000000000000000000e+00 1.341832276870595642e-01
1.514189325304352129e+00 -1.000000000000000000e+00 1.336097061782736128e-01
1.507225309310756378e+00 -1.000000000000000000e+00 1.330416414096876887e-01
1.500293322019218278e+00 -1.000000000000000000e+00 1.324789941885823885e-01
1.493393216124252243e+00 -1.000000000000000000e+00 1.319217254913283843e-01
1.486524844997856754e+00 -1.000000000000000000e+00 1.313697964608627755e-01
1.479688062686396410e+00 -1.000000000000000000e+00 1.308231684112764470e-01
1.472882723907502633e+00 -1.000000000000000000e+00 1.302818028205444123e-01
1.466108684046984356e+00 -1.000000000000000000e+00 1.297456613348839660e-01
1.459365799155756704e+00 -1.000000000000000000e+00 1.292147057603589833e-01
1.452653925946780777e+00 -1.000000000000000000e+00 1.286888980715714947e-01
1.445972921792019861e+00 -1.000000000000000000e+00 1.281682004039720324e-01
1.439322644719407185e+00 -1.000000000000000000e+00 1.276525750543426041e-01
1.432702953409830782e+00 -1.000000000000000000e+00 1.271419844792002485e-01
1.426113707194128777e+00 -1.000000000000000000e+00 1.266363912981859630e-01
1.419554766050101113e+00 -1.000000000000000000e+00 1.261357582864031657e-01
1.413025990599533932e+00 -1.000000000000000000e+00 1.256400483817260993e-01
1.406527242105237052e+00 -1.000000000000000000e+00 1.251492246785275708e-01
1.400058382468097440e+00 -1.000000000000000000e+00 1.246632504260238167e-01
1.393619274224142446e+00 -1.000000000000000000e+00 1.241820890317504450e-01
1.387209780541620585e+00 -1.000000000000000000e+00 1.237057040591280355e-01
1.380829765218092531e+00 -1.000000000000000000e+00 1.232340592279926594e-01
1.374479092677537428e+00 -1.000000000000000000e+00 1.227671184113830194e-01
1.368157627967471646e+00 -1.000000000000000000e+00 1.223048456383200450e-01
1.361865236756081732e+00 -1.000000000000000000e+00 1.218472050883769864e-01
1.355601785329368481e+00 -1.000000000000000000e+00 1.213941610981515568e-01
1.349367140588306757e+00 -1.000000000000000000e+00 1.209456781551463550e-01
1.343161170046015984e+00 -1.000000000000000000e+00 1.205017209012215623e-01
1.336983741824946392e+00 -1.000000000000000000e+00 1.200622541293937667e-01
1.330834724654075041e+00 -1.000000000000000000e+00 1.196272427852681508e-01
1.324713987866117160e+00 -1.000000000000000000e+00 1.191966519636681876e-01
1.318621401394748593e+00 -1.000000000000000000e+00 1.187704469158439996e-01
1.312556835771843344e+00 -1.000000000000000000e+00 1.183485930399136299e-01
1.306520162124721107e+00 -1.000000000000000000e+00 1.179310558876756621e-01
1.300511252173409016e+00 -1.000000000000000000e+00 1.175178011580350901e-01
1.294529978227915601e+00 -1.000000000000000000e+00 1.171087947055653306e-01
1.288576213185518071e+00 -1.000000000000000000e+00 1.167040025313614421e-01
1.282649830528060475e+00 -1.000000000000000000e+00 1.163033907925979937e-01
1.276750704319265628e+00 -1.000000000000000000e+00 1.159069257889540489e-01
1.270878709202058587e+00 -1.000000000000000000e+00 1.155145739757000578e-01
1.265033720395903449e+00 -1.000000000000000000e+00 1.151263019591989845e-01
1.259215613694151026e+00 -1.000000000000000000e+00 1.147420764926001813e-01
1.253424265461400067e+00 -1.000000000000000000e+00 1.143618644822853442e-01
1.247659552630869584e+00 -1.000000000000000000e+00 1.139856329832187182e-01
1.241921352701783610e+00 -1.000000000000000000e+00 1.136133492044071741e-01
1.236209543736768612e+00 -1.000000000000000000e+00 1.132449804989732745e-01
1.230524004359261570e+00 -1.000000000000000000e+00 1.128804943793300791e-01
1.224864613750931364e+00 -1.000000000000000000e+00 1.125198585025179859e-01
1.219231251649110614e+00 -1.000000000000000000e+00 1.121630406764452803e-01
1.213623798344240834e+00 -1.000000000000000000e+00 1.118100088648177337e-01
1.208042134677328461e+00 -1.000000000000000000e+00 1.114607311784957394e-01
1.202486142037412220e+00 -1.000000000000000000e+00 1.111151758827188807e-01
1.196955702359043361e+00 -1.000000000000000000e+00 1.107733113916861134e-01
1.191450698119775886e+00 -1.000000000000000000e+00 1.104351062747590817e-01
1.185971012337669661e+00 -1.000000000000000000e+00 1.101005292518329459e-01
1.180516528568805068e+00 -1.000000000000000000e+00 1.097695491937887569e-01
1.175087130904807653e+00 -1.000000000000000000e+00 1.094421351276926718e-01
1.169682703970385207e+00 -1.000000000000000000e+00 1.091182562315832077e-01
1.164303132920876616e+00 -1.000000000000000000e+00 1.087978818358441707e-01
1.158948303439810923e+00 -1.000000000000000000e+00 1.084809814274959455e-01
1.153618101736478163e+00 -1.000000000000000000e+00 1.081675246444075145e-01
1.148312414543511073e+00 -1.000000000000000000e+00 1.078574812816833345e-01
1.143031129114479238e+00 -1.000000000000000000e+00 1.075508212862085478e-01
1.137774133221491235e+00 -1.000000000000000000e+00 1.072475147609264490e-01
1.132541315152811867e+00 -1.000000000000000000e+00 1.069475319626108784e-01
1.127332563710486735e+00 -1.000000000000000000e+00 1.066508433065394140e-01
1.122147768207980345e+00 -1.000000000000000000e+00 1.063574193621275310e-01
1.116986818467823106e+00 -1.000000000000000000e+00 1.060672308551905418e-01
1.111849604819270754e+00 -1.000000000000000000e+00 1.057802486678182524e-01
1.106736018095973551e+00 -1.000000000000000000e+00 1.054964438382521297e-01
1.101645949633656585e+00 -1.000000000000000000e+00 1.052157875624129130e-01
1.096579291267809841e+00 -1.000000000000000000e+00 1.049382511965326198e-01
1.091535935331391594e+00 -1.000000000000000000e+00 1.046638062524427037e-01
1.086515774652538235e+00 -1.000000000000000000e+00 1.043924243987235378e-01
1.081518702552288325e+00 -1.000000000000000000e+00 1.041240774638807626e-01
1.076544612842315507e+00 -1.000000000000000000e+00 1.038587374385505913e-01
1.071593399822671211e+00 -1.000000000000000000e+00 1.035963764684672828e-01
1.066664958279539333e+00 -1.000000000000000000e+00 1.033369668603544150e-01
1.061759183483000024e+00 -1.000000000000000000e+00 1.030804810803158944e-01
1.056875971184804142e+00 -1.000000000000000000e+00 1.028268917582971509e-01
1.052015217616158571e+00 -1.000000000000000000e+00 1.025761716793406053e-01
1.047176819485520216e+00 -1.000000000000000000e+00 1.023282937937469994e-01
1.042360673976401531e+00 -1.000000000000000000e+00 1.020832312114643287e-01
1.037566678745185822e+00 -1.000000000000000000e+00 1.018409572045988615e-01
1.032794731918951658e+00 -1.000000000000000000e+00 1.016014452048850658e-01
1.028044732093309266e+00 -1.000000000000000000e+00 1.013646688109228755e-01
1.023316578330244919e+00 -1.000000000000000000e+00 1.011306017791806511e-01
1.018610170155975769e+00 -1.000000000000000000e+00 1.008992180315887444e-01
1.013925407558815106e+00 -1.000000000000000000e+00 1.006704916510117592e-01
1.009262190987047614e+00 -1.000000000000000000e+00 1.004443968842222423e-01
1.004620421346812842e+00 -1.000000000000000000e+00 1.002209081418572595e-01
1.000000000000000000e+00 -1.000000000000000000e+00 1.000000000000000056e-01
